C:\Users\sichu\dev\PyCharm-Workspace\analysis-of-herbarium-sheets\yolov5-pytorch-main\VOCdevkit/VOC2007/JPEGImages/AMD.100008.jpg 876,37,1078,114,0 807,1207,932,1263,1 577,1398,1097,1636,0 260,1686,611,1712,2 710,1687,1056,1708,2 226,1660,1099,1759,3 350,535,518,783,4 568,708,693,962,4
C:\Users\sichu\dev\PyCharm-Workspace\analysis-of-herbarium-sheets\yolov5-pytorch-main\VOCdevkit/VOC2007/JPEGImages/AMD.100016.jpg 875,45,1087,133,0 466,176,627,934,4 113,505,315,1160,4 287,769,522,1412,4 680,485,953,1174,4 794,1305,938,1360,1 779,1446,1089,1638,0 257,1686,605,1711,2 698,1687,1048,1711,2 220,1661,1085,1760,3
C:\Users\sichu\dev\PyCharm-Workspace\analysis-of-herbarium-sheets\yolov5-pytorch-main\VOCdevkit/VOC2007/JPEGImages/AMD.100025.jpg 877,52,1089,145,0 502,247,891,1227,4 807,1157,933,1211,1 173,228,496,1385,4 644,1341,1107,1651,0 262,1685,614,1711,2 709,1685,1062,1709,2 223,1662,1098,1759,3
C:\Users\sichu\dev\PyCharm-Workspace\analysis-of-herbarium-sheets\yolov5-pytorch-main\VOCdevkit/VOC2007/JPEGImages/AMD.100039.jpg 859,30,1090,116,0 849,1227,975,1276,1 702,1382,1093,1639,0 373,520,793,1156,4 260,1684,613,1712,2 707,1686,1060,1708,2 226,1663,1100,1759,3
C:\Users\sichu\dev\PyCharm-Workspace\analysis-of-herbarium-sheets\yolov5-pytorch-main\VOCdevkit/VOC2007/JPEGImages/AMD.100047.jpg 871,29,1083,108,0 782,1248,905,1294,1 696,1386,1083,1637,0 259,1683,611,1711,2 704,1685,1059,1712,2 214,1656,1092,1760,3 210,341,404,1319,4 435,259,648,1412,4 693,301,868,1226,4
C:\Users\sichu\dev\PyCharm-Workspace\analysis-of-herbarium-sheets\yolov5-pytorch-main\VOCdevkit/VOC2007/JPEGImages/AMD.100053.jpg 869,49,1082,131,0 841,1262,969,1312,1 676,1410,1081,1644,0 255,1687,607,1714,2 699,1688,1048,1711,2 216,1662,1085,1760,3 414,219,679,711,4 65,493,382,1453,4 345,896,576,1554,4 504,801,813,1321,4 664,128,1060,1082,4
C:\Users\sichu\dev\PyCharm-Workspace\analysis-of-herbarium-sheets\yolov5-pytorch-main\VOCdevkit/VOC2007/JPEGImages/AMD.100055.jpg 886,35,1104,130,0 762,1406,1087,1643,0 484,1385,609,1433,1 269,1687,622,1715,2 714,1687,1067,1713,2 232,1662,1104,1756,3 273,308,610,1292,4 584,210,926,1210,4
C:\Users\sichu\dev\PyCharm-Workspace\analysis-of-herbarium-sheets\yolov5-pytorch-main\VOCdevkit/VOC2007/JPEGImages/AMD.100061.jpg 848,33,1077,128,0 453,376,595,538,4 635,454,847,672,4 476,596,606,865,4 204,529,418,767,4 260,818,575,1194,4 609,767,891,1158,4 790,1275,912,1330,1 775,1434,1088,1636,0 260,1687,612,1711,2 708,1686,1058,1715,2 217,1661,1093,1764,3
C:\Users\sichu\dev\PyCharm-Workspace\analysis-of-herbarium-sheets\yolov5-pytorch-main\VOCdevkit/VOC2007/JPEGImages/AMD.100066.jpg 853,40,1073,121,0 628,316,887,670,4 258,427,582,796,4 553,784,801,1128,4 265,938,480,1238,4 795,1187,925,1243,1 685,1337,1082,1642,0 254,1685,609,1713,2 702,1685,1057,1712,2 217,1660,1094,1760,3
C:\Users\sichu\dev\PyCharm-Workspace\analysis-of-herbarium-sheets\yolov5-pytorch-main\VOCdevkit/VOC2007/JPEGImages/AMD.100072.jpg 879,27,1089,109,0 834,1270,970,1323,3 787,1461,1074,1563,0 846,1566,1008,1657,0 259,1686,612,1711,2 707,1686,1060,1711,2 223,1658,1098,1761,3 152,497,944,1391,4
C:\Users\sichu\dev\PyCharm-Workspace\analysis-of-herbarium-sheets\yolov5-pytorch-main\VOCdevkit/VOC2007/JPEGImages/AMD.100076.jpg 863,33,1085,116,0 694,1430,1090,1642,0 824,1131,948,1190,1 117,423,413,821,4 524,135,1001,603,4 66,421,1068,1575,4 267,1687,621,1715,2 713,1685,1068,1713,2 228,1661,1102,1760,3
C:\Users\sichu\dev\PyCharm-Workspace\analysis-of-herbarium-sheets\yolov5-pytorch-main\VOCdevkit/VOC2007/JPEGImages/AMD.100079.jpg 809,19,1069,121,0 759,1048,946,1216,0 712,1468,1079,1643,0 446,1450,576,1505,1 235,1686,590,1711,2 683,1684,1045,1712,2 190,1657,1082,1762,3 379,577,809,1074,4 742,928,890,1047,0
C:\Users\sichu\dev\PyCharm-Workspace\analysis-of-herbarium-sheets\yolov5-pytorch-main\VOCdevkit/VOC2007/JPEGImages/AMD.100082.jpg 872,33,1086,120,0 194,262,851,684,4 584,753,964,1265,4 632,1167,757,1222,1 145,942,585,1505,4 693,1323,1083,1646,0 252,1685,609,1714,2 704,1686,1055,1710,2 216,1661,1091,1758,3
C:\Users\sichu\dev\PyCharm-Workspace\analysis-of-herbarium-sheets\yolov5-pytorch-main\VOCdevkit/VOC2007/JPEGImages/AMD.100083.jpg 859,36,1073,123,0 552,260,953,809,4 93,418,431,958,4 368,880,740,1444,4 826,1249,949,1300,1 762,1468,1073,1637,0 258,1684,610,1716,2 704,1686,1058,1711,2 220,1660,1092,1761,3
C:\Users\sichu\dev\PyCharm-Workspace\analysis-of-herbarium-sheets\yolov5-pytorch-main\VOCdevkit/VOC2007/JPEGImages/AMD.100087.jpg 801,3,1058,116,0 865,1222,990,1276,1 708,1431,1066,1651,0 230,1686,580,1713,2 677,1687,1027,1711,2 190,1659,1063,1759,3 239,385,984,1187,4
C:\Users\sichu\dev\PyCharm-Workspace\analysis-of-herbarium-sheets\yolov5-pytorch-main\VOCdevkit/VOC2007/JPEGImages/AMD.100099.jpg 866,12,1093,98,0 170,281,478,1401,4 498,259,1030,1199,4 802,1314,938,1370,1 823,1452,1097,1645,0 255,1684,607,1711,2 698,1683,1054,1714,2 218,1659,1093,1764,2
C:\Users\sichu\dev\PyCharm-Workspace\analysis-of-herbarium-sheets\yolov5-pytorch-main\VOCdevkit/VOC2007/JPEGImages/AMD.100107.jpg 872,24,1075,113,0 684,1391,1099,1647,0 473,1462,599,1517,1 259,1684,604,1714,2 699,1688,1053,1719,2 216,1661,1094,1764,3 238,47,461,676,4 41,199,307,847,4 141,821,321,1464,4 330,704,507,1441,4 524,656,687,1327,4 644,367,827,1161,4 775,593,1044,1293,4
C:\Users\sichu\dev\PyCharm-Workspace\analysis-of-herbarium-sheets\yolov5-pytorch-main\VOCdevkit/VOC2007/JPEGImages/AMD.100112.jpg 878,14,1091,105,0 571,172,1049,1412,4 873,1365,996,1431,1 222,220,491,1398,4 248,1684,602,1712,2 698,1680,1051,1720,2 208,1660,1094,1764,3 644,1492,1108,1661,0
C:\Users\sichu\dev\PyCharm-Workspace\analysis-of-herbarium-sheets\yolov5-pytorch-main\VOCdevkit/VOC2007/JPEGImages/AMD.100120.jpg 878,22,1093,109,0 678,1331,1093,1640,0 146,369,544,1318,4 506,167,824,763,4 776,203,1073,1085,4 873,1209,1011,1267,1 257,1685,606,1712,2 702,1683,1053,1714,2 222,1661,1094,1760,3
C:\Users\sichu\dev\PyCharm-Workspace\analysis-of-herbarium-sheets\yolov5-pytorch-main\VOCdevkit/VOC2007/JPEGImages/AMD.100123.jpg 801,19,1071,133,0 663,819,862,922,0 692,1345,1086,1654,0 870,1181,1000,1244,1 536,587,698,1129,4 260,500,406,1129,4 228,1685,586,1712,2 681,1686,1039,1717,2 197,1662,1079,1763,4
C:\Users\sichu\dev\PyCharm-Workspace\analysis-of-herbarium-sheets\yolov5-pytorch-main\VOCdevkit/VOC2007/JPEGImages/AMD.100128.jpg 528,38,762,250,0 821,18,1088,121,0 719,1366,1070,1430,0 704,1435,1089,1648,0 495,1522,623,1581,1 248,1682,600,1715,2 691,1684,1047,1713,2 215,1659,1082,1750,3 86,51,295,1571,4 284,147,480,1431,4 351,269,667,1525,4 691,272,1069,1338,4
C:\Users\sichu\dev\PyCharm-Workspace\analysis-of-herbarium-sheets\yolov5-pytorch-main\VOCdevkit/VOC2007/JPEGImages/AMD.100129.jpg 802,1,1053,111,0 54,1488,376,1650,0 235,1683,594,1712,2 688,1682,1044,1714,2 202,1661,1081,1759,3 640,1467,775,1533,1 15,303,520,1425,4 531,211,1106,1443,4 822,1145,1049,1421,4
C:\Users\sichu\dev\PyCharm-Workspace\analysis-of-herbarium-sheets\yolov5-pytorch-main\VOCdevkit/VOC2007/JPEGImages/AMD.100138.jpg 14,1,249,101,0 678,1369,1082,1640,0 238,1681,591,1718,2 686,1685,1044,1715,2 200,1656,1076,1764,3 862,1232,992,1295,1 42,99,305,1542,4 322,28,653,1561,4 497,10,1004,1559,4
C:\Users\sichu\dev\PyCharm-Workspace\analysis-of-herbarium-sheets\yolov5-pytorch-main\VOCdevkit/VOC2007/JPEGImages/AMD.100144.jpg 871,39,1093,143,0 471,1228,1096,1632,0 819,1106,959,1162,1 151,247,462,601,4 116,696,340,1196,4 487,412,606,1098,4 607,187,1013,896,4 261,1686,614,1716,2 710,1685,1061,1714,2 228,1661,1099,1764,3
C:\Users\sichu\dev\PyCharm-Workspace\analysis-of-herbarium-sheets\yolov5-pytorch-main\VOCdevkit/VOC2007/JPEGImages/AMD.100148.jpg 864,26,1079,129,0 560,494,794,933,4 326,655,512,1079,4 762,1299,899,1358,1 693,1476,1096,1639,0 251,1688,607,1714,2 698,1683,1048,1710,2 216,1660,1087,1764,3
C:\Users\sichu\dev\PyCharm-Workspace\analysis-of-herbarium-sheets\yolov5-pytorch-main\VOCdevkit/VOC2007/JPEGImages/AMD.100150.jpg 872,29,1082,123,0 642,1362,1099,1638,0 254,1684,611,1715,2 702,1684,1055,1715,2 218,1661,1099,1761,3 820,1199,948,1261,1 236,899,431,1369,4 394,755,571,1149,4 602,925,758,1257,4 798,699,947,1092,4 740,449,882,737,4 460,216,727,597,4 168,271,391,800,4
C:\Users\sichu\dev\PyCharm-Workspace\analysis-of-herbarium-sheets\yolov5-pytorch-main\VOCdevkit/VOC2007/JPEGImages/AMD.100157.jpg 874,38,1095,131,0 654,1352,921,1441,0 811,1527,1073,1650,0 785,1240,912,1294,1 408,810,722,1237,4 257,1683,609,1716,2 702,1686,1057,1714,2 210,1661,1095,1764,3
C:\Users\sichu\dev\PyCharm-Workspace\analysis-of-herbarium-sheets\yolov5-pytorch-main\VOCdevkit/VOC2007/JPEGImages/AMD.100161.jpg 884,22,1095,125,0 605,1260,1072,1633,0 268,1686,616,1713,2 710,1684,1066,1713,2 235,1660,1103,1764,3 792,1085,916,1146,1 420,671,704,1148,4
C:\Users\sichu\dev\PyCharm-Workspace\analysis-of-herbarium-sheets\yolov5-pytorch-main\VOCdevkit/VOC2007/JPEGImages/AMD.100170.jpg 801,16,1062,129,0 682,1422,1081,1627,0 232,1686,583,1714,2 676,1686,1031,1716,2 194,1662,1070,1760,3 869,1175,996,1246,1 92,1148,499,1535,4 439,693,801,1452,4 78,691,412,993,4 53,138,356,692,4 367,125,753,647,4 767,281,1060,907,4
C:\Users\sichu\dev\PyCharm-Workspace\analysis-of-herbarium-sheets\yolov5-pytorch-main\VOCdevkit/VOC2007/JPEGImages/AMD.100184.jpg 888,16,1108,144,0 433,665,653,951,4 774,1219,914,1298,1 776,1400,1106,1653,0 267,1688,621,1719,2 714,1682,1062,1715,2 231,1661,1102,1764,3
C:\Users\sichu\dev\PyCharm-Workspace\analysis-of-herbarium-sheets\yolov5-pytorch-main\VOCdevkit/VOC2007/JPEGImages/AMD.100187.jpg 819,26,1089,138,0 438,1007,678,1174,0 711,1349,1088,1649,0 794,1169,927,1225,1 505,656,613,882,4 242,1686,599,1713,2 689,1685,1044,1712,2 205,1659,1083,1758,3
C:\Users\sichu\dev\PyCharm-Workspace\analysis-of-herbarium-sheets\yolov5-pytorch-main\VOCdevkit/VOC2007/JPEGImages/B_10_0000389.jpg 36,11,198,83,0 830,264,1095,537,0 237,1114,660,1273,0 648,1339,1073,1439,0 672,1445,1110,1606,0 716,1602,1026,1683,0 702,1688,887,1746,0 921,1684,1089,1755,0 15,1420,450,1760,0 12,1119,227,1416,0 447,1431,674,1762,2 23,532,128,1116,3 511,12,790,87,1 104,47,979,1103,4 658,551,1094,1308,4
C:\Users\sichu\dev\PyCharm-Workspace\analysis-of-herbarium-sheets\yolov5-pytorch-main\VOCdevkit/VOC2007/JPEGImages/B_10_0000390.jpg 914,8,1079,76,0 674,427,1087,591,0 12,1344,471,1509,0 14,1535,369,1762,0 658,1385,1147,1559,0 654,1556,1085,1669,0 674,1689,985,1759,0 369,1598,653,1679,1 1024,632,1118,1228,3 14,16,236,351,2 126,80,620,1307,4 524,603,1031,1376,4
C:\Users\sichu\dev\PyCharm-Workspace\analysis-of-herbarium-sheets\yolov5-pytorch-main\VOCdevkit/VOC2007/JPEGImages/B_10_0001197.jpg 2,56,102,611,3 902,51,1138,387,2 20,889,542,1078,0 18,1083,446,1447,0 15,1449,447,1764,0 455,1287,856,1418,0 851,1671,1147,1764,1 124,20,1100,1641,4
C:\Users\sichu\dev\PyCharm-Workspace\analysis-of-herbarium-sheets\yolov5-pytorch-main\VOCdevkit/VOC2007/JPEGImages/B_10_0001199.jpg 89,25,1058,1358,4 15,400,113,951,3 906,911,1133,1247,2 15,1211,531,1451,0 546,1305,851,1443,0 9,1445,444,1764,0 847,1678,1109,1745,1
C:\Users\sichu\dev\PyCharm-Workspace\analysis-of-herbarium-sheets\yolov5-pytorch-main\VOCdevkit/VOC2007/JPEGImages/B_10_0001200.jpg 22,9,1113,1758,4 11,323,100,869,3 916,47,1144,394,2 707,621,1046,758,0 1,856,531,1080,0 26,1089,444,1436,0 26,1441,442,1749,0 911,1674,1113,1740,1
C:\Users\sichu\dev\PyCharm-Workspace\analysis-of-herbarium-sheets\yolov5-pytorch-main\VOCdevkit/VOC2007/JPEGImages/B_10_0001471.jpg 451,96,644,172,0 113,1094,595,1291,0 102,1309,593,1592,0 600,1676,814,1759,1 1042,899,1115,1167,3 577,168,1035,1546,4 186,115,1017,1561,4
C:\Users\sichu\dev\PyCharm-Workspace\analysis-of-herbarium-sheets\yolov5-pytorch-main\VOCdevkit/VOC2007/JPEGImages/B_10_0001472.jpg 306,56,807,789,4 602,1234,998,1549,4 1018,994,1115,1291,3 107,1216,229,1423,0 9,1485,458,1764,0 506,1538,960,1721,0 835,5,1116,81,1 276,900,800,1223,0
C:\Users\sichu\dev\PyCharm-Workspace\analysis-of-herbarium-sheets\yolov5-pytorch-main\VOCdevkit/VOC2007/JPEGImages/B_10_0001473.jpg 69,932,175,1212,3 571,1674,851,1764,1 100,1409,493,1529,0 158,194,1044,1491,4
C:\Users\sichu\dev\PyCharm-Workspace\analysis-of-herbarium-sheets\yolov5-pytorch-main\VOCdevkit/VOC2007/JPEGImages/B_10_0001475.jpg 858,11,1055,74,1 22,1507,438,1764,0 38,14,960,1694,4 984,954,1067,1276,3
C:\Users\sichu\dev\PyCharm-Workspace\analysis-of-herbarium-sheets\yolov5-pytorch-main\VOCdevkit/VOC2007/JPEGImages/B_10_0001476.jpg 300,56,800,771,4 69,496,293,872,4 831,352,1033,429,0 7,1467,435,1754,0 840,1687,1064,1754,0 833,1520,995,1596,0 842,1618,1036,1685,4 995,1147,1086,1452,3
C:\Users\sichu\dev\PyCharm-Workspace\analysis-of-herbarium-sheets\yolov5-pytorch-main\VOCdevkit/VOC2007/JPEGImages/B_10_0001478.jpg 833,1601,1046,1680,1 949,1538,1086,1596,0 889,1689,1086,1764,0 6,1481,451,1760,0 480,1243,791,1732,4 213,1218,453,1474,4 33,652,344,1196,4 413,685,711,1221,4 833,598,1106,1071,4 427,49,760,714,4 55,52,396,636,4 76,65,1098,1467,4 849,91,1047,185,0
C:\Users\sichu\dev\PyCharm-Workspace\analysis-of-herbarium-sheets\yolov5-pytorch-main\VOCdevkit/VOC2007/JPEGImages/B_10_0001479.jpg 471,40,660,127,0 904,1672,1111,1764,0 4,1471,449,1751,0 464,1618,673,1764,0 536,1294,1000,1485,0 1022,785,1098,1098,3 796,14,1082,83,1 884,81,1016,131,0 47,165,1026,1660,4
C:\Users\sichu\dev\PyCharm-Workspace\analysis-of-herbarium-sheets\yolov5-pytorch-main\VOCdevkit/VOC2007/JPEGImages/B_10_0001480.jpg 395,129,707,458,0 1024,214,1109,507,3 731,187,955,447,4 362,496,744,931,0 435,1034,651,1265,0 449,1298,633,1391,0 6,1472,416,1764,0 447,1676,580,1741,0 915,1701,1089,1764,0 600,1661,878,1758,1
C:\Users\sichu\dev\PyCharm-Workspace\analysis-of-herbarium-sheets\yolov5-pytorch-main\VOCdevkit/VOC2007/JPEGImages/EIG.7145.jpg 1,152,106,223,2 1,892,111,956,2 1,972,111,1525,3 1,221,115,780,3 187,1411,393,1489,1 447,1394,626,1516,0 755,1107,1098,1256,0 746,1247,1102,1538,0 184,140,1046,1352,4
C:\Users\sichu\dev\PyCharm-Workspace\analysis-of-herbarium-sheets\yolov5-pytorch-main\VOCdevkit/VOC2007/JPEGImages/EIG.7147.jpg 178,98,1056,1176,4 729,1116,1082,1263,0 715,1258,1084,1523,0 400,1371,573,1487,0 164,1405,371,1478,1 5,970,112,1519,3 1,221,115,749,3 1,145,104,238,2 1,896,104,956,2
C:\Users\sichu\dev\PyCharm-Workspace\analysis-of-herbarium-sheets\yolov5-pytorch-main\VOCdevkit/VOC2007/JPEGImages/EIG.7151.jpg 1,151,106,223,2 1,885,100,958,2 1,967,111,1523,3 1,220,122,771,3 176,1403,387,1491,1 431,1396,602,1509,0 742,1118,1102,1260,0 729,1261,1091,1529,0 200,94,371,1025,4 347,205,613,881,4 586,329,1073,1000,4 380,860,698,1325,4 211,78,1038,1329,4
C:\Users\sichu\dev\PyCharm-Workspace\analysis-of-herbarium-sheets\yolov5-pytorch-main\VOCdevkit/VOC2007/JPEGImages/EIG.7155.jpg 209,65,822,1154,4 169,1418,369,1494,1 391,1389,556,1500,0 724,1134,1087,1267,0 669,1252,724,1396,0 720,1271,1080,1514,0 1,221,118,778,3 1,971,115,1529,3 1,896,115,969,2 1,151,115,231,2
C:\Users\sichu\dev\PyCharm-Workspace\analysis-of-herbarium-sheets\yolov5-pytorch-main\VOCdevkit/VOC2007/JPEGImages/EIG.7234.jpg 1,149,104,234,2 1,896,102,961,2 1,225,107,787,3 1,971,116,1545,3 196,778,304,840,0 273,1140,491,1281,0 504,1141,742,1283,0 386,1285,680,1378,0 478,1372,624,1507,0 746,1112,1093,1265,0 731,1269,1095,1525,0 207,432,566,1076,4 560,196,1073,1080,4 266,1420,475,1496,1
C:\Users\sichu\dev\PyCharm-Workspace\analysis-of-herbarium-sheets\yolov5-pytorch-main\VOCdevkit/VOC2007/JPEGImages/EIG.7273.jpg 1,221,111,760,3 1,967,120,1527,3 1,896,109,974,2 1,145,116,243,2 156,65,771,929,4 589,640,982,1380,4 560,1331,764,1398,1 158,1283,546,1520,0 555,1389,731,1516,0
C:\Users\sichu\dev\PyCharm-Workspace\analysis-of-herbarium-sheets\yolov5-pytorch-main\VOCdevkit/VOC2007/JPEGImages/EIG.7281.jpg 457,1331,661,1401,1 531,1397,657,1503,0 810,1160,1087,1280,0 667,1279,1092,1532,0 306,225,951,1423,4 1,151,106,212,2 1,907,111,980,2 1,980,116,1541,3 1,231,118,765,3
C:\Users\sichu\dev\PyCharm-Workspace\analysis-of-herbarium-sheets\yolov5-pytorch-main\VOCdevkit/VOC2007/JPEGImages/EIG.7313.jpg 156,76,998,1471,4 296,1447,480,1531,1 175,1418,313,1543,0 644,1227,1089,1538,0 1,900,115,965,2 1,152,109,216,2 1,220,118,767,3 1,976,124,1527,3
C:\Users\sichu\dev\PyCharm-Workspace\analysis-of-herbarium-sheets\yolov5-pytorch-main\VOCdevkit/VOC2007/JPEGImages/EIG.7341.jpg 1,151,106,238,2 1,889,102,960,2 1,967,116,1520,3 1,216,118,765,3 180,1149,378,1354,0 227,1385,446,1463,1 606,1136,1115,1503,0 251,83,671,1334,4 667,94,933,1125,4 884,92,1091,1116,4 229,74,1064,1378,4
C:\Users\sichu\dev\PyCharm-Workspace\analysis-of-herbarium-sheets\yolov5-pytorch-main\VOCdevkit/VOC2007/JPEGImages/EIG.7451.jpg 176,149,836,1260,4 640,1247,1080,1521,0 424,1320,633,1392,1 1,891,111,965,2 1,145,107,232,2 1,225,115,749,3 1,974,122,1498,3
C:\Users\sichu\dev\PyCharm-Workspace\analysis-of-herbarium-sheets\yolov5-pytorch-main\VOCdevkit/VOC2007/JPEGImages/EIG.7613.jpg 1,220,107,789,3 1,965,118,1543,3 1,898,116,980,2 1,152,104,232,2 655,1272,1076,1531,0 166,1209,306,1345,0 458,1396,609,1503,0 440,1325,649,1409,1 220,85,958,1298,4
C:\Users\sichu\dev\PyCharm-Workspace\analysis-of-herbarium-sheets\yolov5-pytorch-main\VOCdevkit/VOC2007/JPEGImages/EIG.7743.jpg 213,256,420,1454,4 418,280,595,1091,4 562,212,807,1056,4 816,318,978,900,4 813,1154,1086,1267,0 731,1263,1084,1525,0 518,1321,735,1407,1 1,152,115,221,2 1,891,113,951,2 1,960,113,1518,3 1,220,124,767,3
C:\Users\sichu\dev\PyCharm-Workspace\analysis-of-herbarium-sheets\yolov5-pytorch-main\VOCdevkit/VOC2007/JPEGImages/EIG.7788.jpg 1,147,111,220,2 1,887,116,969,2 1,971,113,1521,3 1,214,116,776,3 171,1214,327,1374,0 718,1009,1093,1520,0 504,1381,658,1492,0 304,1396,516,1480,1 198,312,1055,1238,4
C:\Users\sichu\dev\PyCharm-Workspace\analysis-of-herbarium-sheets\yolov5-pytorch-main\VOCdevkit/VOC2007/JPEGImages/EIG.7879.jpg 184,118,1000,1191,4 433,1323,640,1398,1 644,1220,1075,1520,0 451,1398,615,1496,0 4,901,109,965,2 1,152,113,211,2 2,223,111,781,3 1,983,115,1518,3
C:\Users\sichu\dev\PyCharm-Workspace\analysis-of-herbarium-sheets\yolov5-pytorch-main\VOCdevkit/VOC2007/JPEGImages/EIG.8123.jpg 1,225,111,761,3 1,963,118,1520,3 1,890,116,965,2 1,145,113,218,2 898,67,1102,307,0 876,1197,1098,1312,0 658,1313,1102,1515,0 241,1431,450,1497,1 244,136,1058,1394,4
C:\Users\sichu\dev\PyCharm-Workspace\analysis-of-herbarium-sheets\yolov5-pytorch-main\VOCdevkit/VOC2007/JPEGImages/EIG.8145.jpg 180,96,678,1491,4 602,127,1055,1292,4 182,112,1047,1487,4 718,1340,1109,1543,0 271,1334,487,1409,1 1,898,116,972,2 1,147,111,216,2 1,227,113,763,3 1,971,118,1536,3
C:\Users\sichu\dev\PyCharm-Workspace\analysis-of-herbarium-sheets\yolov5-pytorch-main\VOCdevkit/VOC2007/JPEGImages/EIG.8147.jpg 1,223,116,772,3 1,960,118,1521,3 4,891,115,974,2 1,140,122,234,2 156,87,1013,1474,4 206,1358,418,1432,1 275,1416,427,1521,0 602,1296,735,1389,0 735,1125,1089,1276,0 727,1272,1091,1538,0 927,12,1093,71,0
C:\Users\sichu\dev\PyCharm-Workspace\analysis-of-herbarium-sheets\yolov5-pytorch-main\VOCdevkit/VOC2007/JPEGImages/EIG.8322.jpg 1,147,118,218,2 1,892,111,983,2 1,972,115,1549,3 1,220,113,789,3 151,1421,362,1501,1 715,1012,1078,1521,0 367,1376,522,1520,0 200,83,1042,1416,4
C:\Users\sichu\dev\PyCharm-Workspace\analysis-of-herbarium-sheets\yolov5-pytorch-main\VOCdevkit/VOC2007/JPEGImages/H.1027364.jpg 1,160,131,236,2 1,885,122,976,2 1,240,124,754,3 1,980,131,1531,3 493,1296,633,1381,1 164,1420,511,1536,0 704,1260,1096,1527,0 331,89,1002,1201,4
C:\Users\sichu\dev\PyCharm-Workspace\analysis-of-herbarium-sheets\yolov5-pytorch-main\VOCdevkit/VOC2007/JPEGImages/H.1034530.jpg 162,254,924,1532,4 711,1281,1087,1552,0 267,1434,435,1540,0 220,1371,422,1436,1 1,907,126,971,2 1,160,122,238,2 1,234,120,763,3 1,978,124,1538,3
C:\Users\sichu\dev\PyCharm-Workspace\analysis-of-herbarium-sheets\yolov5-pytorch-main\VOCdevkit/VOC2007/JPEGImages/H.1056221.jpg 1,232,115,767,3 1,969,126,1532,3 1,898,118,976,2 1,156,120,236,2 196,1407,409,1500,1 402,1420,564,1516,0 840,1169,1089,1285,0 686,1285,1095,1534,0 182,25,1062,1400,4
C:\Users\sichu\dev\PyCharm-Workspace\analysis-of-herbarium-sheets\yolov5-pytorch-main\VOCdevkit/VOC2007/JPEGImages/H.1056223.jpg 200,94,1029,1407,4 862,1158,1100,1271,0 451,896,576,1085,0 538,1400,689,1514,0 298,1409,536,1483,1 4,980,122,1541,3 1,220,135,765,3 1,158,111,236,2 1,894,118,989,2
C:\Users\sichu\dev\PyCharm-Workspace\analysis-of-herbarium-sheets\yolov5-pytorch-main\VOCdevkit/VOC2007/JPEGImages/H.1069760.jpg 495,1340,706,1416,1 722,1281,1089,1521,0 493,1405,649,1511,0 171,87,1015,1331,4 1,152,118,241,2 1,901,115,974,2 1,236,124,765,3 1,976,126,1523,3
C:\Users\sichu\dev\PyCharm-Workspace\analysis-of-herbarium-sheets\yolov5-pytorch-main\VOCdevkit/VOC2007/JPEGImages/H.1073986.jpg 1,147,106,236,2 1,894,102,976,2 1,223,116,752,3 1,965,111,1536,3 515,1307,736,1394,1 520,1392,676,1509,0 822,1161,1115,1274,0 740,1269,1109,1531,0 162,112,980,1271,4
C:\Users\sichu\dev\PyCharm-Workspace\analysis-of-herbarium-sheets\yolov5-pytorch-main\VOCdevkit/VOC2007/JPEGImages/K000013094.jpg 38,112,246,321,4 335,107,955,591,4 664,512,989,791,4 546,729,833,1074,4 711,945,1002,1247,4 29,540,518,1581,4 344,9,531,205,1 662,1241,1026,1380,0 462,1449,1069,1692,0 622,1385,1040,1463,0 1064,5,1160,594,3 1055,589,1169,754,2
C:\Users\sichu\dev\PyCharm-Workspace\analysis-of-herbarium-sheets\yolov5-pytorch-main\VOCdevkit/VOC2007/JPEGImages/K000018358.jpg 1050,52,1090,409,2 1056,487,1086,845,2 1034,19,1124,877,3 1031,880,1124,1407,3 1043,1407,1128,1556,2 639,928,1008,1284,0 638,1285,1026,1533,0 88,119,376,388,0 487,41,639,119,0 473,116,637,182,1 135,50,1019,1488,4
C:\Users\sichu\dev\PyCharm-Workspace\analysis-of-herbarium-sheets\yolov5-pytorch-main\VOCdevkit/VOC2007/JPEGImages/K000025814.jpg 38,20,862,1616,4 138,1469,304,1578,0 698,1147,1096,1764,0 826,727,1113,812,0 726,818,1124,918,0 722,180,816,794,3 862,287,1098,649,2 62,58,269,138,1
C:\Users\sichu\dev\PyCharm-Workspace\analysis-of-herbarium-sheets\yolov5-pytorch-main\VOCdevkit/VOC2007/JPEGImages/K000056711.jpg 838,734,1093,1083,2 835,63,1027,158,1 838,149,1022,200,0 678,1121,1118,1447,0 667,1456,1124,1758,0 482,1545,653,1736,0 36,449,158,1071,3 36,111,1060,1612,4
C:\Users\sichu\dev\PyCharm-Workspace\analysis-of-herbarium-sheets\yolov5-pytorch-main\VOCdevkit/VOC2007/JPEGImages/K000203580.jpg 1018,541,1122,1107,3 938,120,1166,438,2 609,1000,782,1081,1 18,1091,187,1171,1 164,1238,462,1345,0 655,1234,955,1340,0 26,1356,424,1632,0 598,1343,1009,1631,0 48,12,981,1321,4
C:\Users\sichu\dev\PyCharm-Workspace\analysis-of-herbarium-sheets\yolov5-pytorch-main\VOCdevkit/VOC2007/JPEGImages/K000345684.jpg 153,7,338,87,1 373,1,1169,561,0 167,232,555,1383,4 136,651,255,1221,3 26,809,184,1565,2 2,38,55,812,3 49,34,140,807,2 407,1378,780,1580,0 818,1487,991,1567,0 596,554,884,1369,4 904,554,1131,1518,4
C:\Users\sichu\dev\PyCharm-Workspace\analysis-of-herbarium-sheets\yolov5-pytorch-main\VOCdevkit/VOC2007/JPEGImages/K000363593.jpg 1,81,107,263,2 1,356,118,896,2 46,912,120,1634,2 1,909,48,1652,3 132,1212,491,1347,0 762,1300,1145,1424,0 785,1444,1132,1512,0 480,1555,792,1636,0 328,1353,645,1420,0 615,461,761,1088,3 117,28,306,106,1 110,150,301,237,1 350,30,644,1719,4 704,92,1137,1590,4
C:\Users\sichu\dev\PyCharm-Workspace\analysis-of-herbarium-sheets\yolov5-pytorch-main\VOCdevkit/VOC2007/JPEGImages/K000406288.jpg 155,11,662,1440,4 522,49,1156,1552,4 507,1009,816,1611,4 346,1416,515,1605,4 773,1234,1138,1367,0 724,1341,1156,1607,0 118,234,211,803,3 1,11,38,783,3 720,14,906,92,1 51,3,140,791,2 6,794,144,1591,2
C:\Users\sichu\dev\PyCharm-Workspace\analysis-of-herbarium-sheets\yolov5-pytorch-main\VOCdevkit/VOC2007/JPEGImages/K000414594.jpg 56,21,147,798,2 20,794,160,1581,2 475,1112,813,1243,0 447,1378,866,1621,0 833,1503,1169,1623,0 855,1205,1167,1538,4 287,52,513,1449,4 556,143,715,1101,4 767,125,1053,1105,4 180,16,344,98,1 173,111,262,667,3 1,18,66,805,3
C:\Users\sichu\dev\PyCharm-Workspace\analysis-of-herbarium-sheets\yolov5-pytorch-main\VOCdevkit/VOC2007/JPEGImages/K000536956.jpg 24,34,436,852,4 120,7,1069,1545,4 264,34,446,121,1 940,756,1044,1371,3 718,1385,1118,1509,0 658,1501,1111,1751,0 300,1360,549,1703,2
C:\Users\sichu\dev\PyCharm-Workspace\analysis-of-herbarium-sheets\yolov5-pytorch-main\VOCdevkit/VOC2007/JPEGImages/K000543516.jpg 38,85,215,174,1 615,1091,1056,1692,0 684,1591,927,1672,1 1075,12,1149,583,3 1053,745,1164,1700,3 1060,578,1169,749,2 1078,791,1118,1176,2 1073,1267,1116,1680,2 804,487,1036,951,4 46,98,876,1374,4
C:\Users\sichu\dev\PyCharm-Workspace\analysis-of-herbarium-sheets\yolov5-pytorch-main\VOCdevkit/VOC2007/JPEGImages/K000555694.jpg 178,3,382,85,1 20,1367,349,1487,0 42,1478,380,1638,0 429,1345,833,1461,0 666,1472,1109,1758,0 415,1616,626,1764,0 849,787,1102,1149,2 13,751,146,1363,3 95,123,1100,1441,4
C:\Users\sichu\dev\PyCharm-Workspace\analysis-of-herbarium-sheets\yolov5-pytorch-main\VOCdevkit/VOC2007/JPEGImages/K000640051.jpg 24,271,147,905,3 75,149,404,1052,4 358,85,1107,1149,4 638,41,844,151,1 886,598,1098,971,0 36,1096,409,1221,0 18,1220,491,1325,0 29,1316,491,1443,0 522,1167,1124,1623,0 36,1472,386,1738,2
C:\Users\sichu\dev\PyCharm-Workspace\analysis-of-herbarium-sheets\yolov5-pytorch-main\VOCdevkit/VOC2007/JPEGImages/K000640056.jpg 58,60,289,169,1 109,1416,513,1529,0 531,1567,847,1764,0 180,1534,496,1749,0 151,716,256,1334,3 78,260,338,638,2 558,47,1071,1678,4
C:\Users\sichu\dev\PyCharm-Workspace\analysis-of-herbarium-sheets\yolov5-pytorch-main\VOCdevkit/VOC2007/JPEGImages/K000640065.jpg 111,58,306,149,1 18,176,260,527,2 996,776,1113,1394,3 160,1420,458,1596,0 860,1392,1069,1551,0 55,1640,438,1754,0 622,1383,715,1465,0 76,43,1102,1472,4
C:\Users\sichu\dev\PyCharm-Workspace\analysis-of-herbarium-sheets\yolov5-pytorch-main\VOCdevkit/VOC2007/JPEGImages/K000640070.jpg 184,41,376,131,1 16,576,122,1205,3 27,1201,273,1547,2 27,1552,333,1764,0 775,1449,1115,1764,0 13,80,1140,1752,4
C:\Users\sichu\dev\PyCharm-Workspace\analysis-of-herbarium-sheets\yolov5-pytorch-main\VOCdevkit/VOC2007/JPEGImages/K000640071.jpg 793,114,1040,465,2 84,78,273,163,1 809,540,904,1167,3 117,1227,236,1390,4 23,1452,502,1748,0
C:\Users\sichu\dev\PyCharm-Workspace\analysis-of-herbarium-sheets\yolov5-pytorch-main\VOCdevkit/VOC2007/JPEGImages/K000640076.jpg 582,798,784,903,1 122,1585,309,1685,1 415,1429,544,1527,0 324,1507,618,1764,0 698,920,989,1120,0 798,847,918,961,0 724,452,1087,867,4 133,67,1104,1598,4 2,447,138,1074,3 33,80,275,432,2
C:\Users\sichu\dev\PyCharm-Workspace\analysis-of-herbarium-sheets\yolov5-pytorch-main\VOCdevkit/VOC2007/JPEGImages/K000640084.jpg 789,225,1106,414,0 633,1474,1100,1764,0 244,1154,449,1474,0 260,967,335,1158,1 876,1360,1080,1452,1 880,412,1075,491,1 20,861,111,1476,3 535,1125,769,1476,2 53,16,1109,249,4 40,16,1104,1764,4
C:\Users\sichu\dev\PyCharm-Workspace\analysis-of-herbarium-sheets\yolov5-pytorch-main\VOCdevkit/VOC2007/JPEGImages/K000640089.jpg 46,178,524,583,4 466,43,913,543,4 504,556,980,1047,4 29,587,444,958,4 31,916,529,1394,4 491,1191,993,1616,4 942,400,1156,729,2 1027,754,1107,1329,3 18,5,404,120,0 526,369,775,529,0 516,1138,756,1251,0 42,1414,336,1607,0 346,1507,444,1611,0 776,1100,978,1221,0 667,1003,773,1105,0 146,114,336,183,1 824,318,1002,400,1 391,576,538,727,1 764,867,940,958,1 15,1261,198,1343,1 920,1234,996,1436,1 318,765,551,847,0
C:\Users\sichu\dev\PyCharm-Workspace\analysis-of-herbarium-sheets\yolov5-pytorch-main\VOCdevkit/VOC2007/JPEGImages/K000640095.jpg 775,21,1087,283,0 676,774,1096,900,0 864,992,1093,1071,0 607,1069,700,1689,3 795,1341,1051,1723,2 78,143,964,860,4 102,1236,442,1554,4 47,51,255,141,1
C:\Users\sichu\dev\PyCharm-Workspace\analysis-of-herbarium-sheets\yolov5-pytorch-main\VOCdevkit/VOC2007/JPEGImages/K000640098.jpg 40,14,238,109,1 53,1252,444,1391,0 102,1011,395,1274,0 36,1627,415,1756,0 678,1061,795,1663,3 826,1314,1066,1712,2 51,47,1126,1029,4
C:\Users\sichu\dev\PyCharm-Workspace\analysis-of-herbarium-sheets\yolov5-pytorch-main\VOCdevkit/VOC2007/JPEGImages/K000640100.jpg 60,69,280,147,1 775,101,1027,456,2 595,118,715,754,3 718,1367,1020,1627,0 689,1623,1096,1725,0 27,1629,413,1751,0 289,812,1086,1416,4
C:\Users\sichu\dev\PyCharm-Workspace\analysis-of-herbarium-sheets\yolov5-pytorch-main\VOCdevkit/VOC2007/JPEGImages/K000640103.jpg 80,252,600,663,4 722,240,958,616,4 607,720,1066,1069,4 73,698,547,1085,4 76,1156,329,1611,4 398,1132,600,1540,4 53,72,262,154,1 529,14,766,369,2 955,127,1091,740,3 555,1261,922,1380,0 600,1392,1144,1764,0 969,1245,1087,1349,4
C:\Users\sichu\dev\PyCharm-Workspace\analysis-of-herbarium-sheets\yolov5-pytorch-main\VOCdevkit/VOC2007/JPEGImages/K000640111.jpg 29,45,235,125,1 856,36,1098,401,2 1009,414,1123,1038,3 669,1307,1084,1445,0 647,1454,1129,1764,0 546,725,1029,1258,4 393,1614,589,1729,4 84,1025,571,1667,4 78,72,858,1027,4
C:\Users\sichu\dev\PyCharm-Workspace\analysis-of-herbarium-sheets\yolov5-pytorch-main\VOCdevkit/VOC2007/JPEGImages/K000640118.jpg 656,29,851,125,1 24,452,140,1029,3 13,1065,262,1385,2 706,1429,1167,1645,0 667,1143,807,1269,4 176,52,684,1641,4 582,27,1146,1358,4
C:\Users\sichu\dev\PyCharm-Workspace\analysis-of-herbarium-sheets\yolov5-pytorch-main\VOCdevkit/VOC2007/JPEGImages/K000640127.jpg 26,34,993,1583,4 407,1418,769,1525,0 418,1532,769,1634,0 906,409,1146,761,2 15,92,209,167,1 949,760,1060,1323,3
C:\Users\sichu\dev\PyCharm-Workspace\analysis-of-herbarium-sheets\yolov5-pytorch-main\VOCdevkit/VOC2007/JPEGImages/K000640129.jpg 6,734,116,1318,3 29,1331,262,1651,2 855,1589,1156,1685,0 916,23,1086,100,1 122,31,1169,1529,4
C:\Users\sichu\dev\PyCharm-Workspace\analysis-of-herbarium-sheets\yolov5-pytorch-main\VOCdevkit/VOC2007/JPEGImages/K000640135.jpg 71,229,978,1589,4 655,1592,966,1709,0 20,1625,400,1764,0 864,420,962,1029,3 815,61,1056,416,2 55,47,262,145,1
C:\Users\sichu\dev\PyCharm-Workspace\analysis-of-herbarium-sheets\yolov5-pytorch-main\VOCdevkit/VOC2007/JPEGImages/K000640137.jpg 476,14,669,100,1 224,583,618,721,0 131,703,456,807,0 402,1492,591,1592,1 591,1358,778,1452,1 640,1472,778,1529,0 636,1527,1089,1764,0 175,1601,495,1681,0 982,200,1091,834,3 24,47,320,661,4 200,56,518,609,4 464,78,771,654,4 711,43,1056,654,4 631,660,1044,1507,4 76,821,518,1576,4 515,1005,780,1367,2
C:\Users\sichu\dev\PyCharm-Workspace\analysis-of-herbarium-sheets\yolov5-pytorch-main\VOCdevkit/VOC2007/JPEGImages/K000640144.jpg 816,521,924,1147,3 533,32,720,120,1 33,36,282,292,4 311,94,484,380,4 824,91,1071,449,2 11,403,482,707,0
C:\Users\sichu\dev\PyCharm-Workspace\analysis-of-herbarium-sheets\yolov5-pytorch-main\VOCdevkit/VOC2007/JPEGImages/K000640147.jpg 24,36,240,129,1 24,820,460,1089,0 76,132,422,796,4 804,563,924,1198,4 724,100,975,463,4
C:\Users\sichu\dev\PyCharm-Workspace\analysis-of-herbarium-sheets\yolov5-pytorch-main\VOCdevkit/VOC2007/JPEGImages/K000640156.jpg 71,69,260,163,1 615,40,753,667,3 798,71,1047,432,2 900,801,1024,943,4 711,1018,1113,1403,4 680,1456,1144,1758,0
C:\Users\sichu\dev\PyCharm-Workspace\analysis-of-herbarium-sheets\yolov5-pytorch-main\VOCdevkit/VOC2007/JPEGImages/L.1188986.jpg 40,58,1051,1329,4 604,1029,998,1109,0 782,1107,907,1165,1 644,1214,1013,1545,0 371,1441,642,1525,0 247,1690,565,1716,2 646,1683,967,1712,2 220,1673,999,1764,3
C:\Users\sichu\dev\PyCharm-Workspace\analysis-of-herbarium-sheets\yolov5-pytorch-main\VOCdevkit/VOC2007/JPEGImages/L.1339282.jpg 804,1125,924,1185,1 642,1199,979,1326,0 640,1337,1034,1652,0 462,1552,612,1597,1 251,1688,572,1713,2 654,1684,981,1720,2 215,1670,1010,1764,3 19,12,1015,1659,4
C:\Users\sichu\dev\PyCharm-Workspace\analysis-of-herbarium-sheets\yolov5-pytorch-main\VOCdevkit/VOC2007/JPEGImages/L.1408236.jpg 740,32,970,167,0 586,1043,994,1659,0 343,1557,475,1629,1 227,1689,552,1719,2 632,1686,958,1721,2 200,1670,988,1762,3 28,12,941,1461,4
C:\Users\sichu\dev\PyCharm-Workspace\analysis-of-herbarium-sheets\yolov5-pytorch-main\VOCdevkit/VOC2007/JPEGImages/L.1421587.jpg 102,125,967,1329,4 811,961,936,1018,1 858,1171,987,1229,1 624,31,967,89,0 625,1257,1007,1665,0 232,1687,563,1715,2 642,1692,967,1718,2 207,1667,996,1763,3
C:\Users\sichu\dev\PyCharm-Workspace\analysis-of-herbarium-sheets\yolov5-pytorch-main\VOCdevkit/VOC2007/JPEGImages/L.1490251.jpg 56,231,773,1591,4 815,1238,980,1307,3 749,454,882,518,1 207,1683,553,1731,2 642,1692,951,1727,2 200,1667,991,1764,3 562,1327,1027,1672,0
C:\Users\sichu\dev\PyCharm-Workspace\analysis-of-herbarium-sheets\yolov5-pytorch-main\VOCdevkit/VOC2007/JPEGImages/L.1537752.jpg 740,23,966,172,0 613,1411,1018,1669,0 716,1349,869,1421,1 38,1,978,1261,4 243,1688,571,1718,2 647,1687,970,1717,2 210,1671,1002,1764,3
C:\Users\sichu\dev\PyCharm-Workspace\analysis-of-herbarium-sheets\yolov5-pytorch-main\VOCdevkit/VOC2007/JPEGImages/L.1616068.jpg 189,1673,963,1759,3 219,1693,540,1724,2 621,1690,936,1723,2 728,856,956,928,0 579,943,963,1639,0 355,1492,472,1553,1 16,81,749,1369,4
C:\Users\sichu\dev\PyCharm-Workspace\analysis-of-herbarium-sheets\yolov5-pytorch-main\VOCdevkit/VOC2007/JPEGImages/L.1620333.jpg 66,112,858,1332,4 831,1109,986,1180,1 424,1461,575,1525,1 646,856,998,974,0 695,1180,1002,1652,0 235,1691,558,1718,2 641,1692,964,1718,2 208,1669,991,1758,3
C:\Users\sichu\dev\PyCharm-Workspace\analysis-of-herbarium-sheets\yolov5-pytorch-main\VOCdevkit/VOC2007/JPEGImages/L.1751618.jpg 206,1667,1000,1759,3 239,1693,560,1716,2 646,1693,967,1716,2 494,1315,991,1664,0 16,1458,311,1545,0 799,492,909,553,1 384,847,641,1115,0 38,134,936,1425,4
C:\Users\sichu\dev\PyCharm-Workspace\analysis-of-herbarium-sheets\yolov5-pytorch-main\VOCdevkit/VOC2007/JPEGImages/L.1785984.jpg 16,11,942,1363,4 256,929,438,1043,0 616,1000,1009,1656,0 242,1369,584,1543,0 704,207,822,280,1 382,1598,518,1652,1 229,1690,554,1719,2 635,1689,958,1719,2 197,1671,990,1761,3
C:\Users\sichu\dev\PyCharm-Workspace\analysis-of-herbarium-sheets\yolov5-pytorch-main\VOCdevkit/VOC2007/JPEGImages/L.1794692.jpg 611,11,967,92,0 610,1010,987,1664,0 362,1159,512,1348,0 227,1687,554,1726,2 639,1692,961,1721,2 197,1668,988,1764,3 782,920,911,986,1 87,76,930,1484,4
C:\Users\sichu\dev\PyCharm-Workspace\analysis-of-herbarium-sheets\yolov5-pytorch-main\VOCdevkit/VOC2007/JPEGImages/L.1933299.jpg 124,309,875,1345,4 587,1129,776,1285,0 667,1304,995,1661,0 802,1205,925,1261,1 293,1590,435,1652,1 236,1694,559,1720,2 638,1692,959,1721,2 202,1666,994,1764,3
C:\Users\sichu\dev\PyCharm-Workspace\analysis-of-herbarium-sheets\yolov5-pytorch-main\VOCdevkit/VOC2007/JPEGImages/L.1934962.jpg 11,147,622,1260,4 776,1089,929,1167,1 653,1165,987,1600,0 310,1597,447,1649,1 239,1688,556,1716,2 642,1687,959,1716,2 204,1669,996,1760,3
C:\Users\sichu\dev\PyCharm-Workspace\analysis-of-herbarium-sheets\yolov5-pytorch-main\VOCdevkit/VOC2007/JPEGImages/L.2074028.jpg 293,7,982,1116,4 13,578,542,1607,4 651,1311,1011,1585,0 470,1592,615,1640,1 366,1668,788,1746,3 385,1685,547,1705,2 592,1686,745,1703,2
C:\Users\sichu\dev\PyCharm-Workspace\analysis-of-herbarium-sheets\yolov5-pytorch-main\VOCdevkit/VOC2007/JPEGImages/L.2074347.jpg 411,87,993,1258,4 13,207,478,1603,4 430,1582,565,1640,1 639,1347,992,1613,0 364,1669,784,1743,3 382,1682,547,1709,2 592,1686,747,1704,2
C:\Users\sichu\dev\PyCharm-Workspace\analysis-of-herbarium-sheets\yolov5-pytorch-main\VOCdevkit/VOC2007/JPEGImages/L.2109497.jpg 820,45,1018,169,0 662,754,1022,1076,0 702,1440,1022,1592,0 361,1678,789,1763,3 383,1703,546,1724,2 583,1706,750,1725,2 414,828,629,1024,0 860,701,1013,775,1 16,227,1042,1472,4 33,1588,157,1651,1
C:\Users\sichu\dev\PyCharm-Workspace\analysis-of-herbarium-sheets\yolov5-pytorch-main\VOCdevkit/VOC2007/JPEGImages/L.2116756.jpg 747,781,889,845,1 419,1571,566,1621,1 586,867,960,995,0 586,999,999,1656,0 44,629,299,888,0 654,23,948,129,0 87,41,840,1285,4 200,1669,985,1763,3 229,1693,551,1721,2 634,1693,952,1721,2
C:\Users\sichu\dev\PyCharm-Workspace\analysis-of-herbarium-sheets\yolov5-pytorch-main\VOCdevkit/VOC2007/JPEGImages/L.2153797.jpg 235,1694,558,1722,2 636,1692,956,1721,2 204,1671,985,1764,3 324,1596,460,1648,1 105,1435,229,1490,1 267,1464,587,1574,0 589,921,996,1640,0 379,1108,522,1330,0 597,15,959,99,0 19,163,955,1357,4
C:\Users\sichu\dev\PyCharm-Workspace\analysis-of-herbarium-sheets\yolov5-pytorch-main\VOCdevkit/VOC2007/JPEGImages/L.2168354.jpg 16,129,994,1418,4 624,21,967,94,0 695,991,1004,1123,0 644,1140,987,1654,0 9,1565,253,1663,0 849,681,989,758,1 446,1531,622,1601,1 226,1694,543,1719,2 630,1689,958,1724,2 199,1669,986,1757,3
C:\Users\sichu\dev\PyCharm-Workspace\analysis-of-herbarium-sheets\yolov5-pytorch-main\VOCdevkit/VOC2007/JPEGImages/L.2180891.jpg 207,1670,984,1759,3 236,1688,554,1716,2 637,1693,956,1721,2 258,1574,410,1657,1 716,140,859,217,1 574,940,975,1614,0 122,1025,339,1156,0 610,31,940,73,0 119,161,759,1568,4
C:\Users\sichu\dev\PyCharm-Workspace\analysis-of-herbarium-sheets\yolov5-pytorch-main\VOCdevkit/VOC2007/JPEGImages/L.2258736.jpg 2,294,993,1591,4 787,358,931,443,1 487,1585,627,1647,1 651,7,987,65,0 636,1018,980,1147,0 638,1141,987,1660,0 228,1688,550,1716,2 632,1692,953,1718,2 196,1664,988,1764,3
C:\Users\sichu\dev\PyCharm-Workspace\analysis-of-herbarium-sheets\yolov5-pytorch-main\VOCdevkit/VOC2007/JPEGImages/L.2291420.jpg 56,218,980,1391,4 627,23,973,100,0 616,1083,996,1652,0 449,1536,602,1616,1 704,207,860,269,1 227,1693,549,1720,2 631,1693,953,1717,2 203,1667,986,1764,3
C:\Users\sichu\dev\PyCharm-Workspace\analysis-of-herbarium-sheets\yolov5-pytorch-main\VOCdevkit/VOC2007/JPEGImages/L.2489324.jpg 660,16,1002,131,0 539,1135,997,1656,0 808,992,945,1057,1 826,1088,963,1145,1 240,1687,561,1720,2 643,1690,965,1714,2 205,1670,996,1764,3 17,315,935,1357,4
C:\Users\sichu\dev\PyCharm-Workspace\analysis-of-herbarium-sheets\yolov5-pytorch-main\VOCdevkit/VOC2007/JPEGImages/NMW0000001.jpg 502,16,678,109,1 56,27,1087,1740,4 16,1278,324,1376,0 24,1403,489,1694,0 513,1674,653,1723,0 113,1685,293,1740,0 44,1216,222,1281,0 22,583,127,1205,3 847,525,1107,881,2
C:\Users\sichu\dev\PyCharm-Workspace\analysis-of-herbarium-sheets\yolov5-pytorch-main\VOCdevkit/VOC2007/JPEGImages/NMW0000002.jpg 896,989,1144,1320,2 675,647,755,1256,3 35,29,211,111,1 56,1609,244,1716,0 289,1580,602,1687,0 622,1321,1096,1703,0 496,54,1100,1329,4 87,60,664,1538,4
C:\Users\sichu\dev\PyCharm-Workspace\analysis-of-herbarium-sheets\yolov5-pytorch-main\VOCdevkit/VOC2007/JPEGImages/NMW0000003.jpg 69,45,1111,1636,4 736,1494,1087,1736,2 49,25,215,103,1 24,203,129,818,3
C:\Users\sichu\dev\PyCharm-Workspace\analysis-of-herbarium-sheets\yolov5-pytorch-main\VOCdevkit/VOC2007/JPEGImages/NMW0000004.jpg 349,691,524,980,4 26,23,215,129,1 395,12,1089,567,0 506,1331,1095,1751,0 889,1265,1084,1349,0 964,614,1102,1249,3 71,1471,436,1736,2
C:\Users\sichu\dev\PyCharm-Workspace\analysis-of-herbarium-sheets\yolov5-pytorch-main\VOCdevkit/VOC2007/JPEGImages/NMW0000005.jpg 58,31,235,105,1 336,325,635,1069,4 976,238,1075,856,3 718,925,1082,1185,2 900,1271,1075,1347,0 506,1327,1104,1736,0
C:\Users\sichu\dev\PyCharm-Workspace\analysis-of-herbarium-sheets\yolov5-pytorch-main\VOCdevkit/VOC2007/JPEGImages/NMW0000006.jpg 549,1331,1093,1727,0 906,1265,1093,1332,0 907,1161,1089,1261,1 820,798,1089,1156,2 49,71,149,687,3 15,27,1055,1729,4
C:\Users\sichu\dev\PyCharm-Workspace\analysis-of-herbarium-sheets\yolov5-pytorch-main\VOCdevkit/VOC2007/JPEGImages/NMW0000008.jpg 7,161,927,1660,4 976,925,1080,1543,3 509,1451,849,1714,2 895,1616,1067,1711,1
C:\Users\sichu\dev\PyCharm-Workspace\analysis-of-herbarium-sheets\yolov5-pytorch-main\VOCdevkit/VOC2007/JPEGImages/NMW0000009.jpg 882,1172,1102,1265,1 51,1321,429,1565,2 987,47,1104,658,3 538,1396,1087,1760,0 40,87,1002,1360,4
C:\Users\sichu\dev\PyCharm-Workspace\analysis-of-herbarium-sheets\yolov5-pytorch-main\VOCdevkit/VOC2007/JPEGImages/NMW0000010.jpg 458,1460,1075,1560,3 902,1596,1075,1687,1 56,1461,427,1718,2 2,63,1104,1405,4
C:\Users\sichu\dev\PyCharm-Workspace\analysis-of-herbarium-sheets\yolov5-pytorch-main\VOCdevkit/VOC2007/JPEGImages/NMW0000011.jpg 547,1,1169,465,0 531,1365,1047,1734,0 871,1207,1047,1276,1 46,1041,166,1652,3 706,949,1053,1191,2 153,229,642,1600,4
C:\Users\sichu\dev\PyCharm-Workspace\analysis-of-herbarium-sheets\yolov5-pytorch-main\VOCdevkit/VOC2007/JPEGImages/NMW0000012.jpg 178,92,804,911,4 7,878,526,1600,4 471,1078,847,1309,2 909,1194,1076,1278,1 935,514,1066,1158,3 895,1281,1096,1369,0 507,1351,1100,1751,0
C:\Users\sichu\dev\PyCharm-Workspace\analysis-of-herbarium-sheets\yolov5-pytorch-main\VOCdevkit/VOC2007/JPEGImages/NMW0000014.jpg 973,52,1089,672,3 887,1594,1093,1687,1 38,1472,400,1716,2 27,109,1080,1323,4
C:\Users\sichu\dev\PyCharm-Workspace\analysis-of-herbarium-sheets\yolov5-pytorch-main\VOCdevkit/VOC2007/JPEGImages/NMW0000015.jpg 806,38,1064,401,2 931,467,1055,1092,3 895,1171,1078,1271,1 511,1340,1096,1734,0 80,76,891,1585,4
C:\Users\sichu\dev\PyCharm-Workspace\analysis-of-herbarium-sheets\yolov5-pytorch-main\VOCdevkit/VOC2007/JPEGImages/NMW0000016.jpg 800,100,1051,465,2 56,1112,164,1725,3 320,1545,538,1663,1 551,1351,1100,1758,0 22,58,1067,1365,4
C:\Users\sichu\dev\PyCharm-Workspace\analysis-of-herbarium-sheets\yolov5-pytorch-main\VOCdevkit/VOC2007/JPEGImages/NMW0000017.jpg 962,401,1071,1012,3 826,1032,1080,1378,2 878,1611,1071,1707,1 33,36,1042,1740,4
C:\Users\sichu\dev\PyCharm-Workspace\analysis-of-herbarium-sheets\yolov5-pytorch-main\VOCdevkit/VOC2007/JPEGImages/NMW0000018.jpg 527,40,880,283,2 989,23,1098,645,3 878,1192,1078,1289,1 527,1340,1098,1751,0 67,87,1118,1440,4
C:\Users\sichu\dev\PyCharm-Workspace\analysis-of-herbarium-sheets\yolov5-pytorch-main\VOCdevkit/VOC2007/JPEGImages/NMW0000020.jpg 42,54,1109,1383,4 964,938,1073,1563,3 907,1589,1107,1687,1 462,1463,804,1734,2
C:\Users\sichu\dev\PyCharm-Workspace\analysis-of-herbarium-sheets\yolov5-pytorch-main\VOCdevkit/VOC2007/JPEGImages/NMW0000021.jpg 817,40,1076,395,2 902,463,1006,1081,3 559,1340,1127,1511,0 946,1265,1108,1347,0 904,1175,1097,1260,1 83,168,580,1274,4
C:\Users\sichu\dev\PyCharm-Workspace\analysis-of-herbarium-sheets\yolov5-pytorch-main\VOCdevkit/VOC2007/JPEGImages/NMW0000022.jpg 43,65,422,331,2 435,33,1048,150,3 939,1274,1107,1359,0 558,1372,1122,1752,0 323,1645,508,1730,1 105,161,1048,1586,4
C:\Users\sichu\dev\PyCharm-Workspace\analysis-of-herbarium-sheets\yolov5-pytorch-main\VOCdevkit/VOC2007/JPEGImages/NMW0000024.jpg 554,1348,1107,1764,0 369,1665,505,1729,0 369,1567,535,1661,1 739,116,984,474,2 1003,108,1094,725,3 39,95,982,1555,4
C:\Users\sichu\dev\PyCharm-Workspace\analysis-of-herbarium-sheets\yolov5-pytorch-main\VOCdevkit/VOC2007/JPEGImages/NMW0000025.jpg 133,165,999,1750,4 933,946,1045,1563,3 605,1306,860,1667,2 901,1593,1079,1678,1
C:\Users\sichu\dev\PyCharm-Workspace\analysis-of-herbarium-sheets\yolov5-pytorch-main\VOCdevkit/VOC2007/JPEGImages/NMW0000026.jpg 348,1559,522,1652,1 541,1329,1107,1746,0 986,452,1082,1063,3 831,55,1075,399,2 43,33,1062,1461,4
C:\Users\sichu\dev\PyCharm-Workspace\analysis-of-herbarium-sheets\yolov5-pytorch-main\VOCdevkit/VOC2007/JPEGImages/NMW0000027.jpg 37,157,1097,1293,4 111,1467,471,1723,2 486,1448,1101,1559,3 909,1595,1103,1682,1
C:\Users\sichu\dev\PyCharm-Workspace\analysis-of-herbarium-sheets\yolov5-pytorch-main\VOCdevkit/VOC2007/JPEGImages/NMW0000028.jpg 77,31,701,138,3 198,1475,562,1723,2 918,1600,1103,1693,1 62,221,1089,1253,4
C:\Users\sichu\dev\PyCharm-Workspace\analysis-of-herbarium-sheets\yolov5-pytorch-main\VOCdevkit/VOC2007/JPEGImages/NMW0000029.jpg 173,391,426,1082,4 525,1352,1109,1758,0 895,1270,1105,1353,0 897,1182,1101,1271,1 726,865,1077,1119,2 479,55,1090,165,3
C:\Users\sichu\dev\PyCharm-Workspace\analysis-of-herbarium-sheets\yolov5-pytorch-main\VOCdevkit/VOC2007/JPEGImages/NMW0000030.jpg 77,1470,425,1709,2 518,1358,1095,1748,0 855,1269,1094,1358,0 887,1183,1092,1268,1 970,529,1077,1149,3 382,125,899,1286,4
C:\Users\sichu\dev\PyCharm-Workspace\analysis-of-herbarium-sheets\yolov5-pytorch-main\VOCdevkit/VOC2007/JPEGImages/NMW0000032.jpg 54,35,1101,1725,4 909,1605,1090,1679,1 651,52,894,400,2 964,56,1062,666,3
C:\Users\sichu\dev\PyCharm-Workspace\analysis-of-herbarium-sheets\yolov5-pytorch-main\VOCdevkit/VOC2007/JPEGImages/NMW0000034.jpg 335,133,1052,1050,4 852,759,1105,1118,2 456,31,1062,138,3 890,1191,1092,1284,1 731,1282,1103,1723,0 519,1525,716,1724,0
C:\Users\sichu\dev\PyCharm-Workspace\analysis-of-herbarium-sheets\yolov5-pytorch-main\VOCdevkit/VOC2007/JPEGImages/NMW0000035.jpg 900,35,1078,101,0 360,1642,748,1736,0 884,1487,1104,1748,0 900,1361,1094,1451,1 40,1009,149,1631,3 194,172,909,1293,4
C:\Users\sichu\dev\PyCharm-Workspace\analysis-of-herbarium-sheets\yolov5-pytorch-main\VOCdevkit/VOC2007/JPEGImages/NMW0000036.jpg 785,48,1080,169,0 809,1623,1098,1759,0 327,1632,689,1744,0 985,808,1089,1421,3 51,1308,303,1656,2 294,526,752,1020,4
C:\Users\sichu\dev\PyCharm-Workspace\analysis-of-herbarium-sheets\yolov5-pytorch-main\VOCdevkit/VOC2007/JPEGImages/NMW0000038.jpg 46,827,168,1455,3 66,1491,416,1740,2 843,1518,1079,1618,0 829,1629,1094,1730,0 621,1640,807,1726,1 434,484,616,874,4 591,826,780,1035,4 383,927,627,1308,4
C:\Users\sichu\dev\PyCharm-Workspace\analysis-of-herbarium-sheets\yolov5-pytorch-main\VOCdevkit/VOC2007/JPEGImages/NMW0000039.jpg 824,47,1074,397,2 464,1596,647,1681,1 716,1151,1110,1747,0 992,505,1086,1118,3 60,225,522,1542,4 435,52,958,1363,4
C:\Users\sichu\dev\PyCharm-Workspace\analysis-of-herbarium-sheets\yolov5-pytorch-main\VOCdevkit/VOC2007/JPEGImages/NMW0000040.jpg 633,363,945,1195,4 31,48,569,893,0 36,1577,443,1686,0 592,1384,1116,1748,0 899,1303,1099,1392,1 81,1297,435,1544,2 999,119,1108,728,3
C:\Users\sichu\dev\PyCharm-Workspace\analysis-of-herbarium-sheets\yolov5-pytorch-main\VOCdevkit/VOC2007/JPEGImages/NMW0000041.jpg 100,1319,277,1399,1 94,1406,640,1579,0 634,1332,1072,1625,0 889,1279,1070,1336,0 973,692,1070,1256,3 940,330,1162,659,2 128,146,314,559,4 156,680,337,1018,4 294,923,445,1286,4 422,633,631,1131,4 637,823,799,1297,4 845,731,954,1265,4 524,106,682,710,4 333,184,456,718,4 679,408,792,757,4 805,127,965,546,4
C:\Users\sichu\dev\PyCharm-Workspace\analysis-of-herbarium-sheets\yolov5-pytorch-main\VOCdevkit/VOC2007/JPEGImages/NMW0000042.jpg 188,233,373,668,4 450,230,578,612,4 704,204,890,656,4 306,791,536,1282,4 639,753,813,1153,4 292,1469,665,1745,0 797,1504,1116,1748,0 908,1445,1103,1510,0 908,1357,1103,1440,1 852,984,1103,1335,2 979,338,1087,955,3
C:\Users\sichu\dev\PyCharm-Workspace\analysis-of-herbarium-sheets\yolov5-pytorch-main\VOCdevkit/VOC2007/JPEGImages/NMW0000043.jpg 469,42,1084,161,3 833,945,1082,1301,2 383,1466,766,1736,0 773,1468,1113,1745,0 900,1414,1107,1479,0 916,1331,1103,1419,1 232,416,383,782,4 259,833,513,1284,4 466,553,629,984,4 620,818,785,1360,4 839,495,950,861,4 697,235,871,609,4 459,151,581,437,4
C:\Users\sichu\dev\PyCharm-Workspace\analysis-of-herbarium-sheets\yolov5-pytorch-main\VOCdevkit/VOC2007/JPEGImages/NMW0000044.jpg 201,46,977,1508,4 48,35,237,131,1 924,55,1026,648,3 703,795,1054,1044,2 46,1402,513,1760,0 506,1547,712,1608,0 565,1608,1092,1764,0 761,1506,1083,1606,0 922,1462,1085,1511,0 40,1359,155,1411,0
C:\Users\sichu\dev\PyCharm-Workspace\analysis-of-herbarium-sheets\yolov5-pytorch-main\VOCdevkit/VOC2007/JPEGImages/NMW0000045.jpg 719,1462,1090,1727,0 115,1041,548,1694,0 908,1351,1094,1441,1 711,1087,1062,1340,2 939,437,1057,1053,3 385,195,848,989,4
C:\Users\sichu\dev\PyCharm-Workspace\analysis-of-herbarium-sheets\yolov5-pytorch-main\VOCdevkit/VOC2007/JPEGImages/NMW0000046.jpg 86,873,495,1562,4 841,1100,979,1315,4 94,1240,194,1307,0 105,1700,311,1753,0 538,1427,1117,1764,0 466,940,819,1179,2 438,805,1045,900,3
C:\Users\sichu\dev\PyCharm-Workspace\analysis-of-herbarium-sheets\yolov5-pytorch-main\VOCdevkit/VOC2007/JPEGImages/NMW0000047.jpg 976,658,1087,1275,3 911,1293,1109,1375,1 122,963,195,1062,0 550,1405,1130,1764,0 86,1485,458,1736,2 696,953,906,1304,4 182,664,656,1437,4
C:\Users\sichu\dev\PyCharm-Workspace\analysis-of-herbarium-sheets\yolov5-pytorch-main\VOCdevkit/VOC2007/JPEGImages/NMW0000048.jpg 18,89,1086,1491,4 33,32,298,392,2 346,1651,535,1738,1 57,1096,161,1716,3 541,1381,1127,1759,0 447,576,1088,1327,4 253,273,1076,1331,4 265,1239,451,1505,4
C:\Users\sichu\dev\PyCharm-Workspace\analysis-of-herbarium-sheets\yolov5-pytorch-main\VOCdevkit/VOC2007/JPEGImages/NMW0000049.jpg 166,349,536,1261,4 44,1192,391,1601,4 622,10,944,932,4 916,652,1044,778,0 750,1081,848,1275,4 78,59,439,324,2 504,427,600,1032,3 330,1649,507,1727,1 516,1376,1083,1752,0
C:\Users\sichu\dev\PyCharm-Workspace\analysis-of-herbarium-sheets\yolov5-pytorch-main\VOCdevkit/VOC2007/JPEGImages/NMW0000050.jpg 542,1360,1112,1753,0 314,957,418,1052,0 551,1575,762,1635,0 916,1248,1097,1323,1 735,987,1099,1243,2 198,1134,626,1550,4 373,123,915,1147,4 947,323,1055,945,3 79,932,251,1072,4
C:\Users\sichu\dev\PyCharm-Workspace\analysis-of-herbarium-sheets\yolov5-pytorch-main\VOCdevkit/VOC2007/JPEGImages/NMW0000051.jpg 883,1137,959,1239,4 209,981,481,1441,4 477,490,817,1308,4 554,754,639,856,0 112,1695,310,1745,0 562,1385,1129,1764,0 716,64,1081,308,2 925,391,1054,1005,3
C:\Users\sichu\dev\PyCharm-Workspace\analysis-of-herbarium-sheets\yolov5-pytorch-main\VOCdevkit/VOC2007/JPEGImages/NMW0000052.jpg 70,695,676,803,3 722,552,1074,806,2 91,1683,297,1743,0 554,1403,1117,1754,0 339,1651,527,1738,1 201,1124,315,1199,0 269,917,488,1415,4 723,919,889,1347,4
C:\Users\sichu\dev\PyCharm-Workspace\analysis-of-herbarium-sheets\yolov5-pytorch-main\VOCdevkit/VOC2007/JPEGImages/NMW0000053.jpg 46,46,346,261,0 529,1356,1125,1762,0 302,1015,408,1104,0 372,794,571,1385,4 185,1447,358,1555,4 736,989,1105,1236,2 899,1249,1088,1335,1 460,646,1076,747,3
C:\Users\sichu\dev\PyCharm-Workspace\analysis-of-herbarium-sheets\yolov5-pytorch-main\VOCdevkit/VOC2007/JPEGImages/NMW0000054.jpg 466,503,1079,609,3 726,976,1079,1225,2 532,1241,640,1311,0 529,1379,1125,1755,0 899,1269,1088,1351,1 142,1088,239,1202,4 226,698,700,1665,4
C:\Users\sichu\dev\PyCharm-Workspace\analysis-of-herbarium-sheets\yolov5-pytorch-main\VOCdevkit/VOC2007/JPEGImages/NMW0000058.jpg 45,238,308,592,2 979,147,1080,765,3 93,88,975,1568,4 788,1010,1024,1081,4 468,1350,1113,1750,0 210,1681,337,1739,0 26,1652,210,1741,1
C:\Users\sichu\dev\PyCharm-Workspace\analysis-of-herbarium-sheets\yolov5-pytorch-main\VOCdevkit/VOC2007/JPEGImages/NMW0000059.jpg 298,54,467,134,1 527,1583,727,1629,0 729,1336,1142,1621,0 56,727,187,1294,3 22,1300,253,1623,2 166,47,1164,1621,4
C:\Users\sichu\dev\PyCharm-Workspace\analysis-of-herbarium-sheets\yolov5-pytorch-main\VOCdevkit/VOC2007/JPEGImages/NMW0000060.jpg 187,247,415,663,4 447,181,684,634,4 733,100,944,607,4 647,614,946,1207,4 196,712,636,1331,4 971,511,1109,1140,3 62,1679,176,1727,0 294,1687,442,1737,0 590,1306,1097,1734,0 68,1330,426,1592,2 307,1599,490,1684,1
C:\Users\sichu\dev\PyCharm-Workspace\analysis-of-herbarium-sheets\yolov5-pytorch-main\VOCdevkit/VOC2007/JPEGImages/NMW0000062.jpg 82,59,388,623,4 466,73,735,847,4 774,68,1035,639,4 67,504,514,1316,4 570,837,754,1339,4 776,652,1020,1281,4 1026,671,1120,1295,3 24,1215,374,1480,2 268,1497,587,1599,0 667,1508,1106,1711,0 284,1683,480,1740,0 35,1697,175,1743,0 884,1407,1020,1491,0 906,1317,1108,1413,1
C:\Users\sichu\dev\PyCharm-Workspace\analysis-of-herbarium-sheets\yolov5-pytorch-main\VOCdevkit/VOC2007/JPEGImages/p00036507.jpg 188,243,459,844,4 467,205,972,899,4 192,813,530,1293,4 507,796,918,1263,4 214,1295,422,1377,1 491,1348,688,1432,1 916,1155,1118,1232,1 230,1465,664,1603,0 698,1451,1118,1764,0 20,45,129,116,1 758,635,975,852,0
C:\Users\sichu\dev\PyCharm-Workspace\analysis-of-herbarium-sheets\yolov5-pytorch-main\VOCdevkit/VOC2007/JPEGImages/p00039147.jpg 23,23,130,87,1 715,1514,919,1588,1 683,1434,1106,1745,0 15,1370,467,1712,0 24,12,888,1681,4
C:\Users\sichu\dev\PyCharm-Workspace\analysis-of-herbarium-sheets\yolov5-pytorch-main\VOCdevkit/VOC2007/JPEGImages/p00041137.jpg 30,23,146,89,1 704,1536,908,1628,1 674,1440,1138,1756,0 452,1205,686,1311,0 706,1061,987,1232,0 150,99,986,1341,4
C:\Users\sichu\dev\PyCharm-Workspace\analysis-of-herbarium-sheets\yolov5-pytorch-main\VOCdevkit/VOC2007/JPEGImages/p00060083.jpg 26,300,1111,1592,4 586,1043,1099,1375,4 546,1520,740,1607,1 28,60,130,128,1 719,1381,1072,1516,0 643,1516,1090,1744,0 16,1505,454,1759,0
C:\Users\sichu\dev\PyCharm-Workspace\analysis-of-herbarium-sheets\yolov5-pytorch-main\VOCdevkit/VOC2007/JPEGImages/p00060092.jpg 5,15,265,81,0 689,1249,1127,1748,0 39,1247,652,1661,0 888,1585,1093,1667,1 21,97,121,166,1 13,59,953,1252,4
C:\Users\sichu\dev\PyCharm-Workspace\analysis-of-herbarium-sheets\yolov5-pytorch-main\VOCdevkit/VOC2007/JPEGImages/p00060103.jpg 11,118,1136,1465,4 46,1045,238,1349,4 709,1545,921,1637,1 10,29,116,93,1 664,1313,1050,1461,0 684,1457,1136,1756,0 242,1579,690,1713,0 26,1357,271,1588,0
C:\Users\sichu\dev\PyCharm-Workspace\analysis-of-herbarium-sheets\yolov5-pytorch-main\VOCdevkit/VOC2007/JPEGImages/p00060110.jpg 702,1467,1158,1747,0 31,1327,480,1764,0 15,912,378,1049,0 24,318,106,383,1 873,1576,1095,1669,1 46,87,1127,1694,4
C:\Users\sichu\dev\PyCharm-Workspace\analysis-of-herbarium-sheets\yolov5-pytorch-main\VOCdevkit/VOC2007/JPEGImages/p00060119.jpg 26,311,1111,1536,4 416,938,836,1545,4 29,801,396,1323,4 676,1316,1051,1458,0 666,1456,1095,1749,0 13,1376,446,1747,0 9,32,120,107,1 676,1527,896,1614,1 515,16,1080,443,0
C:\Users\sichu\dev\PyCharm-Workspace\analysis-of-herbarium-sheets\yolov5-pytorch-main\VOCdevkit/VOC2007/JPEGImages/p00060133.jpg 4,1,111,91,1 716,1478,935,1571,1 769,1276,1144,1432,0 709,1425,1169,1764,0 280,1283,496,1463,0 51,16,607,1263,4 535,412,1047,1416,4
C:\Users\sichu\dev\PyCharm-Workspace\analysis-of-herbarium-sheets\yolov5-pytorch-main\VOCdevkit/VOC2007/JPEGImages/p00060136.jpg 7,23,111,89,1 682,1558,909,1654,1 766,29,1127,331,0 9,1418,531,1752,0 646,1334,1100,1491,0 680,1481,1122,1764,0 11,74,1098,1371,4 13,1221,442,1372,4 106,74,1080,1303,4
C:\Users\sichu\dev\PyCharm-Workspace\analysis-of-herbarium-sheets\yolov5-pytorch-main\VOCdevkit/VOC2007/JPEGImages/p00060139.jpg 462,51,1016,154,3 1,825,42,1589,3 4,52,94,825,2 44,824,99,1588,2 122,1331,598,1648,0 358,1177,762,1328,0 452,1057,550,1125,4 388,921,643,1149,0 736,1397,1140,1659,0 750,1471,940,1555,1 137,128,650,1332,4 630,181,1097,1339,4
C:\Users\sichu\dev\PyCharm-Workspace\analysis-of-herbarium-sheets\yolov5-pytorch-main\VOCdevkit/VOC2007/JPEGImages/p00060148.jpg 11,15,107,64,1 763,1522,968,1604,1 748,1454,1127,1764,0 668,1616,1102,1754,0 9,1504,452,1754,0 727,16,1118,269,0 4,81,1107,1721,4
C:\Users\sichu\dev\PyCharm-Workspace\analysis-of-herbarium-sheets\yolov5-pytorch-main\VOCdevkit/VOC2007/JPEGImages/p00060157.jpg 76,614,791,1391,4 598,200,1120,1440,4 35,40,576,443,0 13,1423,435,1761,0 744,1460,1133,1764,0 791,1518,1000,1609,1 2,460,115,523,1
C:\Users\sichu\dev\PyCharm-Workspace\analysis-of-herbarium-sheets\yolov5-pytorch-main\VOCdevkit/VOC2007/JPEGImages/p00060166.jpg 15,16,113,96,1 704,1561,918,1658,1 320,60,904,1649,4 7,1447,393,1743,0 724,1349,1096,1494,0 691,1487,1131,1764,0
C:\Users\sichu\dev\PyCharm-Workspace\analysis-of-herbarium-sheets\yolov5-pytorch-main\VOCdevkit/VOC2007/JPEGImages/p00060170.jpg 27,40,131,105,1 713,1549,933,1647,1 16,1209,400,1360,0 2,1352,478,1764,0 686,1472,1147,1764,0 776,43,1142,351,0 87,245,1100,1532,4 749,856,1120,1456,4
C:\Users\sichu\dev\PyCharm-Workspace\analysis-of-herbarium-sheets\yolov5-pytorch-main\VOCdevkit/VOC2007/JPEGImages/p00060179.jpg 53,96,993,1478,4 15,20,118,81,1 696,1549,918,1645,1 4,1318,449,1478,0 6,1471,451,1751,0 676,1469,1129,1764,0 807,1014,1111,1294,0
C:\Users\sichu\dev\PyCharm-Workspace\analysis-of-herbarium-sheets\yolov5-pytorch-main\VOCdevkit/VOC2007/JPEGImages/p00060192.jpg 11,5,115,74,1 682,1600,895,1687,1 1,1474,404,1752,0 666,1451,1146,1758,0 666,489,1076,1101,0 146,343,644,1260,4
C:\Users\sichu\dev\PyCharm-Workspace\analysis-of-herbarium-sheets\yolov5-pytorch-main\VOCdevkit/VOC2007/JPEGImages/p00060195.jpg 35,103,375,509,4 286,21,706,956,4 729,25,951,365,4 676,371,891,754,4 698,872,893,1085,4 467,980,762,1421,4 115,860,395,1374,4 27,540,189,874,4 33,1356,400,1520,0 29,1501,471,1729,0 600,1418,1104,1761,0 818,1131,1075,1412,0 849,698,1091,912,0 820,1529,1026,1612,1 11,11,106,81,1
C:\Users\sichu\dev\PyCharm-Workspace\analysis-of-herbarium-sheets\yolov5-pytorch-main\VOCdevkit/VOC2007/JPEGImages/p00060202.jpg 11,38,115,94,1 504,1452,707,1536,1 111,54,967,858,4 51,841,849,1376,4 612,1408,1119,1739,0 734,1268,1093,1416,0 79,1372,518,1704,0
C:\Users\sichu\dev\PyCharm-Workspace\analysis-of-herbarium-sheets\yolov5-pytorch-main\VOCdevkit/VOC2007/JPEGImages/p00060208.jpg 22,52,243,200,0 10,1348,451,1764,0 763,1465,1144,1764,0 771,1549,980,1635,1 8,205,110,265,1 107,263,1095,1600,4
C:\Users\sichu\dev\PyCharm-Workspace\analysis-of-herbarium-sheets\yolov5-pytorch-main\VOCdevkit/VOC2007/JPEGImages/p00060214.jpg 106,172,349,1261,4 571,192,1038,1045,4 15,25,120,87,1 720,1549,938,1645,1 29,1251,395,1394,0 15,1396,424,1764,0 540,1047,1124,1474,0 707,1474,1144,1763,0
C:\Users\sichu\dev\PyCharm-Workspace\analysis-of-herbarium-sheets\yolov5-pytorch-main\VOCdevkit/VOC2007/JPEGImages/p00060216.jpg 740,1323,1109,1471,0 689,1471,1127,1764,0 20,1360,413,1764,0 15,36,395,332,0 695,1587,907,1674,1 7,383,106,438,1 126,458,295,1198,4 386,829,738,1412,4 407,149,726,872,4 758,272,1078,1232,4
C:\Users\sichu\dev\PyCharm-Workspace\analysis-of-herbarium-sheets\yolov5-pytorch-main\VOCdevkit/VOC2007/JPEGImages/p00060221.jpg 9,7,104,67,1 724,1560,927,1647,1 700,1478,1144,1754,0 36,1209,396,1358,0 20,1369,431,1754,0 696,1138,1104,1467,0 171,647,336,1045,4 329,254,755,1185,4 747,651,920,1043,4
C:\Users\sichu\dev\PyCharm-Workspace\analysis-of-herbarium-sheets\yolov5-pytorch-main\VOCdevkit/VOC2007/JPEGImages/p00060225.jpg 426,78,989,796,4 107,289,696,1121,4 440,863,1058,1376,4 9,21,113,87,1 722,1552,922,1649,1 40,1078,306,1349,0 27,1358,458,1751,0 698,1474,1138,1758,0 776,131,1064,340,0
C:\Users\sichu\dev\PyCharm-Workspace\analysis-of-herbarium-sheets\yolov5-pytorch-main\VOCdevkit/VOC2007/JPEGImages/p00060227.jpg 515,1,1089,434,0 758,1163,1127,1480,0 24,1372,429,1752,0 749,1511,1126,1674,0 686,1467,1131,1752,0 367,1521,576,1620,1 9,23,106,76,1 20,60,1100,1725,4
C:\Users\sichu\dev\PyCharm-Workspace\analysis-of-herbarium-sheets\yolov5-pytorch-main\VOCdevkit/VOC2007/JPEGImages/p00060240.jpg 13,60,1118,1652,4 7,20,107,78,1 689,1565,895,1652,1 6,1485,440,1764,0 904,676,1086,840,0 75,74,331,571,0 720,1318,1104,1472,0 666,1471,1136,1760,0
C:\Users\sichu\dev\PyCharm-Workspace\analysis-of-herbarium-sheets\yolov5-pytorch-main\VOCdevkit/VOC2007/JPEGImages/p00060250.jpg 13,51,100,820,2 42,831,95,1585,2 1,821,47,1580,3 178,714,275,1281,3 715,71,1044,343,0 722,1363,1156,1652,0 122,1551,413,1638,0 682,1354,876,1418,1 166,61,711,571,4 167,91,767,1549,4 558,354,998,731,4
C:\Users\sichu\dev\PyCharm-Workspace\analysis-of-herbarium-sheets\yolov5-pytorch-main\VOCdevkit/VOC2007/JPEGImages/p00060257.jpg 142,191,569,920,4 233,756,916,1421,4 15,14,118,92,1 867,1600,1067,1681,1 27,1480,409,1756,0 420,1461,864,1609,0 704,1461,1160,1756,0 606,445,889,658,0
C:\Users\sichu\dev\PyCharm-Workspace\analysis-of-herbarium-sheets\yolov5-pytorch-main\VOCdevkit/VOC2007/JPEGImages/p00060262.jpg 696,1472,1131,1758,0 16,1401,542,1764,0 31,823,475,980,0 82,549,326,816,0 9,16,115,83,1 707,1561,924,1661,1 56,18,1044,1491,4
C:\Users\sichu\dev\PyCharm-Workspace\analysis-of-herbarium-sheets\yolov5-pytorch-main\VOCdevkit/VOC2007/JPEGImages/p00060265.jpg 186,12,629,243,0 4,1231,611,1751,0 609,1311,1036,1458,0 604,1467,1106,1764,0 882,1540,1089,1621,1 13,7,102,72,1 47,58,433,547,4 440,60,1095,809,4 18,500,955,1314,4
C:\Users\sichu\dev\PyCharm-Workspace\analysis-of-herbarium-sheets\yolov5-pytorch-main\VOCdevkit/VOC2007/JPEGImages/p00060270.jpg 140,49,1093,1420,4 11,14,109,71,1 762,1523,960,1620,1 726,1309,1133,1763,0 56,1032,436,1340,3 11,1400,467,1754,3
C:\Users\sichu\dev\PyCharm-Workspace\analysis-of-herbarium-sheets\yolov5-pytorch-main\VOCdevkit/VOC2007/JPEGImages/p00060279.jpg 6,1321,369,1465,0 4,1474,424,1764,0 713,1447,1140,1764,0 727,1531,927,1616,1 726,840,1115,1180,0 4,31,113,101,1 47,40,1120,1705,4
C:\Users\sichu\dev\PyCharm-Workspace\analysis-of-herbarium-sheets\yolov5-pytorch-main\VOCdevkit/VOC2007/JPEGImages/p00060282.jpg 22,80,1078,1651,4 15,25,122,101,1 678,1538,896,1651,1 855,1180,1084,1351,0 722,1343,1096,1507,0 11,1474,447,1752,0 666,1465,1122,1764,0
C:\Users\sichu\dev\PyCharm-Workspace\analysis-of-herbarium-sheets\yolov5-pytorch-main\VOCdevkit/VOC2007/JPEGImages/p00060287.jpg 658,181,1056,487,0 655,1321,1089,1738,0 18,1409,440,1747,0 686,1536,898,1651,1 9,9,109,91,2 35,103,738,783,4 86,680,996,1458,4
C:\Users\sichu\dev\PyCharm-Workspace\analysis-of-herbarium-sheets\yolov5-pytorch-main\VOCdevkit/VOC2007/JPEGImages/p00060293.jpg 489,51,1053,723,4 684,696,1095,1356,4 116,423,598,1118,4 498,985,862,1440,4 26,52,471,396,0 855,194,1087,358,0 18,896,522,1747,0 744,1338,1115,1483,0 673,1461,1127,1764,0 698,1545,918,1647,1 15,391,111,456,1
C:\Users\sichu\dev\PyCharm-Workspace\analysis-of-herbarium-sheets\yolov5-pytorch-main\VOCdevkit/VOC2007/JPEGImages/p00060423.jpg 16,61,96,823,2 42,832,91,1591,2 1,823,44,1589,3 171,9,716,112,3 735,47,887,241,4 386,105,766,501,4 138,154,715,1434,4 464,374,1080,1245,4 860,1158,1107,1376,0 706,1311,831,1381,0 100,1336,558,1634,0 713,1371,1118,1647,0 802,1487,1002,1578,1
C:\Users\sichu\dev\PyCharm-Workspace\analysis-of-herbarium-sheets\yolov5-pytorch-main\VOCdevkit/VOC2007/JPEGImages/p00060732.jpg 55,20,169,89,1 655,1400,1091,1716,0 756,1469,976,1556,1 26,1594,344,1707,0 51,611,262,1231,4 284,649,680,1223,4 629,451,933,1087,4
C:\Users\sichu\dev\PyCharm-Workspace\analysis-of-herbarium-sheets\yolov5-pytorch-main\VOCdevkit/VOC2007/JPEGImages/p00060734.jpg 115,547,409,1281,4 331,27,1006,1587,4 33,29,140,89,1 813,1491,1004,1585,1 693,1432,1138,1745,0 24,1518,542,1736,0
C:\Users\sichu\dev\PyCharm-Workspace\analysis-of-herbarium-sheets\yolov5-pytorch-main\VOCdevkit/VOC2007/JPEGImages/p00060739.jpg 9,45,116,118,1 767,1476,978,1558,1 40,1456,449,1725,0 646,1409,1096,1714,0 255,509,756,1103,4
C:\Users\sichu\dev\PyCharm-Workspace\analysis-of-herbarium-sheets\yolov5-pytorch-main\VOCdevkit/VOC2007/JPEGImages/p00060741.jpg 28,25,122,88,1 772,1484,980,1569,1 668,1418,1104,1727,0 27,1607,232,1705,0 75,406,430,908,4 537,450,801,1292,4 261,459,637,1255,4 95,408,813,1283,4
C:\Users\sichu\dev\PyCharm-Workspace\analysis-of-herbarium-sheets\yolov5-pytorch-main\VOCdevkit/VOC2007/JPEGImages/p00060743.jpg 289,651,767,1367,4 11,47,124,111,1 802,1472,996,1543,1 691,1396,1138,1721,0 635,131,1055,376,0 49,1649,271,1736,0
C:\Users\sichu\dev\PyCharm-Workspace\analysis-of-herbarium-sheets\yolov5-pytorch-main\VOCdevkit/VOC2007/JPEGImages/p00060746.jpg 11,58,102,116,1 680,1401,1118,1731,0 802,1469,1006,1556,1 520,758,720,1147,4 22,1591,347,1752,0
C:\Users\sichu\dev\PyCharm-Workspace\analysis-of-herbarium-sheets\yolov5-pytorch-main\VOCdevkit/VOC2007/JPEGImages/p00060747.jpg 51,71,154,131,1 811,1491,1021,1579,1 702,1434,1133,1742,0 30,1430,489,1722,0 871,36,1113,434,0 16,92,1089,1583,4
C:\Users\sichu\dev\PyCharm-Workspace\analysis-of-herbarium-sheets\yolov5-pytorch-main\VOCdevkit/VOC2007/JPEGImages/p00060750.jpg 2,20,91,72,1 800,1489,1004,1572,1 667,1420,1122,1738,0 27,1521,446,1736,0 7,67,769,1583,4
C:\Users\sichu\dev\PyCharm-Workspace\analysis-of-herbarium-sheets\yolov5-pytorch-main\VOCdevkit/VOC2007/JPEGImages/p00060752.jpg 215,100,758,1432,4 18,14,120,78,1 773,1471,984,1561,1 653,1403,1100,1723,0 44,1531,384,1721,0
C:\Users\sichu\dev\PyCharm-Workspace\analysis-of-herbarium-sheets\yolov5-pytorch-main\VOCdevkit/VOC2007/JPEGImages/p00060755.jpg 53,1443,493,1752,0 700,1427,1027,1554,0 20,32,107,100,1 184,1511,393,1600,1 538,16,1038,625,4 404,254,938,1496,4 26,140,547,1476,4 156,11,260,118,4
C:\Users\sichu\dev\PyCharm-Workspace\analysis-of-herbarium-sheets\yolov5-pytorch-main\VOCdevkit/VOC2007/JPEGImages/p00060760.jpg 166,605,756,1278,4 42,25,142,103,1 766,1469,969,1549,1 644,1403,1086,1729,0 38,1601,244,1712,0
C:\Users\sichu\dev\PyCharm-Workspace\analysis-of-herbarium-sheets\yolov5-pytorch-main\VOCdevkit/VOC2007/JPEGImages/p00060761.jpg 644,1414,1098,1738,0 36,1601,262,1723,0 29,18,126,81,1 762,1478,964,1569,1 147,343,493,1174,4 382,131,907,849,4
C:\Users\sichu\dev\PyCharm-Workspace\analysis-of-herbarium-sheets\yolov5-pytorch-main\VOCdevkit/VOC2007/JPEGImages/p00060765.jpg 593,1098,1022,1361,0 647,1418,1106,1736,0 33,1514,296,1727,0 771,1472,996,1569,1 51,40,162,103,1 71,65,991,1438,4
C:\Users\sichu\dev\PyCharm-Workspace\analysis-of-herbarium-sheets\yolov5-pytorch-main\VOCdevkit/VOC2007/JPEGImages/p00060768.jpg 31,232,1098,1551,4 16,38,115,87,1 789,1483,993,1563,1 662,1420,1113,1745,0 22,1489,429,1752,0 422,520,869,851,0
C:\Users\sichu\dev\PyCharm-Workspace\analysis-of-herbarium-sheets\yolov5-pytorch-main\VOCdevkit/VOC2007/JPEGImages/p0010997.jpg 18,19,120,83,1 7,1457,463,1753,0 680,1464,1127,1749,0 820,1527,968,1583,1 35,137,1079,1523,4
C:\Users\sichu\dev\PyCharm-Workspace\analysis-of-herbarium-sheets\yolov5-pytorch-main\VOCdevkit/VOC2007/JPEGImages/RM0008156.jpg 166,14,2754,267,2 2966,314,3677,596,1 1560,1761,1989,3696,3 136,5114,1036,5555,0 2495,4578,3744,5572,0 1872,3725,2872,4943,4 472,984,1566,2625,4 2519,884,3454,2508,4
C:\Users\sichu\dev\PyCharm-Workspace\analysis-of-herbarium-sheets\yolov5-pytorch-main\VOCdevkit/VOC2007/JPEGImages/RM0008168.jpg 154,1,2748,231,2 2360,372,3042,625,1 160,5067,1036,5543,0 2495,4602,3742,5608,0 342,1819,948,4331,4 1148,643,1972,2684,4 1524,2508,2283,4549,4 2389,602,3619,4131,4 1001,1819,1966,3608,3
C:\Users\sichu\dev\PyCharm-Workspace\analysis-of-herbarium-sheets\yolov5-pytorch-main\VOCdevkit/VOC2007/JPEGImages/RM0008172.jpg 1060,1261,3019,4096,4 148,8,2742,249,2 3013,325,3666,590,1 2172,4572,3744,5596,0 113,5096,1042,5549,0 901,1561,1230,3490,3
C:\Users\sichu\dev\PyCharm-Workspace\analysis-of-herbarium-sheets\yolov5-pytorch-main\VOCdevkit/VOC2007/JPEGImages/RM0008174.jpg 166,1,2736,214,2 2936,361,3648,661,1 148,5055,1066,5537,0 2436,4625,3736,5616,0 995,1737,1460,3684,3 219,596,1607,4784,4 1360,849,3454,4708,4
C:\Users\sichu\dev\PyCharm-Workspace\analysis-of-herbarium-sheets\yolov5-pytorch-main\VOCdevkit/VOC2007/JPEGImages/RM0008176.jpg 348,567,948,3996,4 1542,602,2207,3684,4 1436,4049,2295,5414,4 2230,1343,2813,2855,4 2683,578,3472,3914,4 148,1,2754,237,2 2983,302,3666,567,1 1066,790,1425,2678,3 154,5096,1054,5531,0 2430,4496,3730,5616,0
C:\Users\sichu\dev\PyCharm-Workspace\analysis-of-herbarium-sheets\yolov5-pytorch-main\VOCdevkit/VOC2007/JPEGImages/RM0008180.jpg 701,3855,2660,4514,3 142,8,2754,219,2 3383,402,3648,1084,1 142,5078,1019,5608,0 2148,4619,3744,5616,0 125,2778,2830,3872,4 219,1602,3142,2790,4 442,1084,2966,1678,4 413,331,3377,1119,4
C:\Users\sichu\dev\PyCharm-Workspace\analysis-of-herbarium-sheets\yolov5-pytorch-main\VOCdevkit/VOC2007/JPEGImages/RM0008189.jpg 407,614,3460,4661,4 160,2,2736,243,2 2960,325,3630,643,1 148,5072,1060,5584,0 2519,4655,3744,5616,0 272,3043,1507,4749,3
C:\Users\sichu\dev\PyCharm-Workspace\analysis-of-herbarium-sheets\yolov5-pytorch-main\VOCdevkit/VOC2007/JPEGImages/RM0008190.jpg 1472,2284,1907,4243,3 160,8,2736,202,2 3372,325,3677,972,1 154,5131,1048,5616,0 2566,4525,3744,5614,0 1036,3490,1513,5525,4 1548,2996,3266,5149,4 1819,396,2525,3355,4 2925,408,3554,2867,4
C:\Users\sichu\dev\PyCharm-Workspace\analysis-of-herbarium-sheets\yolov5-pytorch-main\VOCdevkit/VOC2007/JPEGImages/RM0008192.jpg 236,437,1048,3949,4 2513,855,3554,4472,4 142,5114,1054,5531,0 2560,4643,3742,5602,0 2983,319,3660,619,1 142,1,2742,225,2 1566,1396,2036,3331,3
C:\Users\sichu\dev\PyCharm-Workspace\analysis-of-herbarium-sheets\yolov5-pytorch-main\VOCdevkit/VOC2007/JPEGImages/RM0010583.jpg 2327,1869,2669,3548,3 95,4227,890,4716,0 2021,4053,3285,4853,0 2053,190,3232,448,1 679,495,3016,2800,4 248,1658,2137,4285,4
C:\Users\sichu\dev\PyCharm-Workspace\analysis-of-herbarium-sheets\yolov5-pytorch-main\VOCdevkit/VOC2007/JPEGImages/RM0012729.jpg 85,4164,942,4711,0 2095,3906,3316,4785,0 2958,1632,3306,3337,3 2590,195,3195,543,1 185,500,2179,1706,4 237,437,2942,4490,4
C:\Users\sichu\dev\PyCharm-Workspace\analysis-of-herbarium-sheets\yolov5-pytorch-main\VOCdevkit/VOC2007/JPEGImages/RM0013416.jpg 216,264,1206,4064,4 1106,2532,1553,3143,4 1300,785,2206,3437,4 1963,206,3021,3969,4 2537,806,3137,1237,1 2937,1511,3248,3221,3 242,143,3106,3990,4 79,4221,932,4721,0 2021,4085,3269,4853,0
C:\Users\sichu\dev\PyCharm-Workspace\analysis-of-herbarium-sheets\yolov5-pytorch-main\VOCdevkit/VOC2007/JPEGImages/RM0013423.jpg 90,4179,916,4743,0 2127,4079,3295,4816,0 2658,3074,3248,3464,1 1195,3400,2053,4269,4 179,558,885,3558,4 769,590,1621,4053,4 1421,321,3132,3969,4 2990,158,3269,1821,3
C:\Users\sichu\dev\PyCharm-Workspace\analysis-of-herbarium-sheets\yolov5-pytorch-main\VOCdevkit/VOC2007/JPEGImages/RM0014120.jpg 1853,1074,2848,2658,3 111,4221,942,4774,0 1827,4000,3290,4864,0 653,237,1258,479,1 185,221,2395,837,4 69,1174,2185,4179,4 69,232,3116,4190,4
C:\Users\sichu\dev\PyCharm-Workspace\analysis-of-herbarium-sheets\yolov5-pytorch-main\VOCdevkit/VOC2007/JPEGImages/RM0016135.jpg 1960,590,3572,3290,4 348,1149,2160,5249,4 89,4784,1007,5461,0 2325,4637,3701,5484,0 2907,290,3577,514,1 1825,3531,3672,3908,3
C:\Users\sichu\dev\PyCharm-Workspace\analysis-of-herbarium-sheets\yolov5-pytorch-main\VOCdevkit/VOC2007/JPEGImages/RM0016877.jpg 2913,278,3654,755,1 2083,2884,3619,4449,3 130,4796,1054,5372,0 2336,4519,3725,5478,0 77,4037,1107,4725,0 136,278,3536,5396,4
C:\Users\sichu\dev\PyCharm-Workspace\analysis-of-herbarium-sheets\yolov5-pytorch-main\VOCdevkit/VOC2007/JPEGImages/RM0017876.jpg 1672,325,2366,796,1 1777,3208,3630,4619,3 83,4772,1077,5419,0 2283,4608,3689,5519,0 119,431,1977,4437,4 1542,2237,2701,5284,4 2313,325,3589,3455,4
C:\Users\sichu\dev\PyCharm-Workspace\analysis-of-herbarium-sheets\yolov5-pytorch-main\VOCdevkit/VOC2007/JPEGImages/RM0020291.jpg 348,325,3648,4302,4 2783,243,3548,514,1 136,4737,1054,5343,0 2366,4490,3701,5443,0 1277,3319,1707,5231,3
C:\Users\sichu\dev\PyCharm-Workspace\analysis-of-herbarium-sheets\yolov5-pytorch-main\VOCdevkit/VOC2007/JPEGImages/RM0020514.jpg 1395,2196,1877,4125,3 166,4708,1101,5302,0 2042,4396,3744,5384,0 2883,231,3583,514,1 1219,225,2148,825,0 289,478,1554,2967,4 1819,743,3389,2914,4
C:\Users\sichu\dev\PyCharm-Workspace\analysis-of-herbarium-sheets\yolov5-pytorch-main\VOCdevkit/VOC2007/JPEGImages/RM0020524.jpg 266,2072,2807,4590,4 2854,261,3536,543,1 1566,896,2007,2814,3 136,4749,1107,5367,0 2101,4461,3744,5396,0
C:\Users\sichu\dev\PyCharm-Workspace\analysis-of-herbarium-sheets\yolov5-pytorch-main\VOCdevkit/VOC2007/JPEGImages/RM0023767.jpg 1042,772,2777,3755,4 166,4672,1101,5361,0 2113,4367,3744,5425,0 2960,196,3648,443,1 2754,1755,3195,3702,3
C:\Users\sichu\dev\PyCharm-Workspace\analysis-of-herbarium-sheets\yolov5-pytorch-main\VOCdevkit/VOC2007/JPEGImages/RM0027978.jpg 2395,2578,3283,4437,3 160,4702,1095,5349,0 2277,4396,3744,5449,0 3001,231,3666,472,1 54,284,1836,4372,4 1154,2367,2554,5308,4 1889,555,3536,3902,4
C:\Users\sichu\dev\PyCharm-Workspace\analysis-of-herbarium-sheets\yolov5-pytorch-main\VOCdevkit/VOC2007/JPEGImages/RM0027983.jpg 42,390,3636,5390,4 2560,725,3613,4072,4 1919,419,2583,4408,4 148,1355,2266,5408,4 89,443,1895,2661,4 2313,1872,2913,3778,3 2966,225,3666,472,1 130,4761,1013,5337,0 2230,4455,3666,5467,0
C:\Users\sichu\dev\PyCharm-Workspace\analysis-of-herbarium-sheets\yolov5-pytorch-main\VOCdevkit/VOC2007/JPEGImages/RM0027985.jpg 72,625,3607,4708,4 1736,619,3448,3037,4 1089,937,3560,3931,4 225,1408,2448,4014,4 101,2472,1342,4719,4 1325,2002,2760,3684,3 3013,202,3642,437,1 19,4684,1083,5337,0 2260,4378,3719,5437,0
C:\Users\sichu\dev\PyCharm-Workspace\analysis-of-herbarium-sheets\yolov5-pytorch-main\VOCdevkit/VOC2007/JPEGImages/RM0028212.jpg 2983,208,3683,472,1 1813,1525,2813,3461,3 125,4731,1060,5349,0 2289,4425,3744,5478,0 83,343,3642,5443,4
C:\Users\sichu\dev\PyCharm-Workspace\analysis-of-herbarium-sheets\yolov5-pytorch-main\VOCdevkit/VOC2007/JPEGImages/RM0031352.jpg 77,14,2642,349,2 2983,355,3613,643,1 2354,1037,2730,2925,3 142,4861,1083,5484,0 2336,4508,3730,5614,0 313,1784,1113,3649,4 1142,531,2136,2725,4 1113,3372,2013,5290,4 2789,1408,3607,3796,4
C:\Users\sichu\dev\PyCharm-Workspace\analysis-of-herbarium-sheets\yolov5-pytorch-main\VOCdevkit/VOC2007/JPEGImages/RM0031356.jpg 66,1,2619,325,2 2989,361,3648,637,1 148,4878,1083,5449,0 2348,4525,3736,5602,0 2672,1649,3230,3561,3 313,461,1913,3178,4 1848,1737,2677,4772,4
C:\Users\sichu\dev\PyCharm-Workspace\analysis-of-herbarium-sheets\yolov5-pytorch-main\VOCdevkit/VOC2007/JPEGImages/RM0044528.jpg 207,1196,3589,3737,4 825,3937,2777,4267,3 2354,4514,3654,4808,0 2372,4784,3719,5602,0 130,5072,1077,5502,0 113,1,2766,219,2 2901,331,3613,584,1
C:\Users\sichu\dev\PyCharm-Workspace\analysis-of-herbarium-sheets\yolov5-pytorch-main\VOCdevkit/VOC2007/JPEGImages/RM0044533.jpg 136,1,2772,225,2 2966,272,3701,549,1 1472,1643,1901,3572,3 101,5143,1042,5561,0 2377,4255,3744,4490,0 2495,4496,3744,5608,0 830,978,1636,1861,4 107,2284,2183,5190,4 1925,567,3477,4290,4
C:\Users\sichu\dev\PyCharm-Workspace\analysis-of-herbarium-sheets\yolov5-pytorch-main\VOCdevkit/VOC2007/JPEGImages/RM0044534.jpg 119,619,3744,4943,4 219,319,2113,731,3 2889,325,3625,649,1 2160,4378,3548,4631,0 2142,4643,3719,5590,0 136,4955,1036,5508,0 160,1,2742,243,2
C:\Users\sichu\dev\PyCharm-Workspace\analysis-of-herbarium-sheets\yolov5-pytorch-main\VOCdevkit/VOC2007/JPEGImages/RM0044536.jpg 160,1,2748,214,2 2901,361,3607,619,1 125,5067,1060,5567,0 2372,4455,3742,5616,0 566,2419,1007,4408,3 442,590,3454,3372,4 1189,2937,3454,4984,4
C:\Users\sichu\dev\PyCharm-Workspace\analysis-of-herbarium-sheets\yolov5-pytorch-main\VOCdevkit/VOC2007/JPEGImages/RM0044544.jpg 754,619,2383,4584,4 1372,1902,2366,3784,3 142,8,2736,225,2 2930,325,3625,608,1 125,4908,1060,5525,0 2383,4655,3742,5602,0
C:\Users\sichu\dev\PyCharm-Workspace\analysis-of-herbarium-sheets\yolov5-pytorch-main\VOCdevkit/VOC2007/JPEGImages/RM0044569.jpg 101,561,1854,4178,4 1119,2772,2042,4808,4 1742,531,3507,4772,4 154,14,2748,231,2 2872,314,3619,596,1 136,5078,1036,5543,0 1060,5272,2366,5531,0 2354,4749,3744,5596,0 866,1696,1630,3578,3
C:\Users\sichu\dev\PyCharm-Workspace\analysis-of-herbarium-sheets\yolov5-pytorch-main\VOCdevkit/VOC2007/JPEGImages/RM0044603.jpg 160,3425,1777,4837,3 107,4943,854,5537,0 983,5014,2354,5361,0 2319,4649,3744,5616,0 1230,5325,2242,5616,0 2883,367,3577,602,1 136,1,2754,225,2 160,631,3448,4843,4
C:\Users\sichu\dev\PyCharm-Workspace\analysis-of-herbarium-sheets\yolov5-pytorch-main\VOCdevkit/VOC2007/JPEGImages/RM0044604.jpg 207,449,3342,5496,4 307,3184,1260,5119,3 125,5125,1054,5561,0 2219,4337,3744,5616,0 2925,331,3642,602,1 189,1,2777,225,2
C:\Users\sichu\dev\PyCharm-Workspace\analysis-of-herbarium-sheets\yolov5-pytorch-main\VOCdevkit/VOC2007/JPEGImages/RM0055085.jpg 195,1,2789,231,2 2972,302,3666,572,1 2177,1337,2530,3272,3 160,5067,1025,5531,0 2454,4367,3744,5602,0 295,525,1054,2996,4 1125,378,2360,3243,4 2472,555,3507,3555,4
C:\Users\sichu\dev\PyCharm-Workspace\analysis-of-herbarium-sheets\yolov5-pytorch-main\VOCdevkit/VOC2007/JPEGImages/RM0055089.jpg 1630,755,2083,2678,3 130,1,2819,261,2 3019,219,3719,537,1 519,496,1572,2449,4 219,2967,1472,4337,4 2119,2090,2925,3755,4 2501,649,3277,1914,4 148,5096,1025,5567,0 2507,4202,3719,4543,0 2507,4525,3744,5616,0
C:\Users\sichu\dev\PyCharm-Workspace\analysis-of-herbarium-sheets\yolov5-pytorch-main\VOCdevkit/VOC2007/JPEGImages/RM0055090.jpg 195,1,2783,243,2 3001,296,3672,561,1 507,2137,2172,3649,3 136,5061,1036,5567,0 2501,4549,3744,5616,0 625,802,1942,2625,4 1213,2702,2154,4190,4 2289,714,3177,3031,4
C:\Users\sichu\dev\PyCharm-Workspace\analysis-of-herbarium-sheets\yolov5-pytorch-main\VOCdevkit/VOC2007/JPEGImages/RM0055091.jpg 277,572,1701,3661,4 1660,1614,2342,4531,4 2719,790,3389,3514,4 148,1,2772,272,2 2983,261,3701,519,1 2307,619,2660,2537,3 130,5055,1030,5519,0 2483,4396,3744,5590,0
C:\Users\sichu\dev\PyCharm-Workspace\analysis-of-herbarium-sheets\yolov5-pytorch-main\VOCdevkit/VOC2007/JPEGImages/RM0055092.jpg 2542,4561,3744,5584,0 101,5108,1066,5561,0 1901,302,2560,590,1 189,1,2801,243,2 519,372,3442,1761,4 1119,1896,2995,5149,4 207,1890,1719,4837,4 1701,2637,2113,4590,3
C:\Users\sichu\dev\PyCharm-Workspace\analysis-of-herbarium-sheets\yolov5-pytorch-main\VOCdevkit/VOC2007/JPEGImages/RM0062777.jpg 119,272,3571,4813,4 2177,790,2948,2767,3 3007,272,3677,578,1 172,1,2760,255,2 2383,4584,3744,5616,0 183,4837,1030,5490,0
C:\Users\sichu\dev\PyCharm-Workspace\analysis-of-herbarium-sheets\yolov5-pytorch-main\VOCdevkit/VOC2007/JPEGImages/RM0062788.jpg 3025,272,3689,549,1 160,1,2777,219,2 2183,2508,3195,4343,3 166,4937,1089,5543,0 2366,4455,3744,5616,0 348,890,3036,5161,4
C:\Users\sichu\dev\PyCharm-Workspace\analysis-of-herbarium-sheets\yolov5-pytorch-main\VOCdevkit/VOC2007/JPEGImages/RM0062792.jpg 236,725,3189,4055,4 2795,2237,3442,4219,3 154,1,2754,243,2 2977,255,3683,519,1 2507,4537,3744,5616,0 142,5049,1083,5567,0
C:\Users\sichu\dev\PyCharm-Workspace\analysis-of-herbarium-sheets\yolov5-pytorch-main\VOCdevkit/VOC2007/JPEGImages/RM0062800.jpg 172,384,3548,4990,4 2172,272,2901,555,1 3013,2361,3383,4255,3 160,4931,1030,5514,0 2377,4519,3744,5608,0 183,1,2772,208,2
C:\Users\sichu\dev\PyCharm-Workspace\analysis-of-herbarium-sheets\yolov5-pytorch-main\VOCdevkit/VOC2007/JPEGImages/RM0062805.jpg 189,1,2777,237,2 1936,419,2801,2319,3 2972,284,3683,555,1 2383,4525,3744,5616,0 142,5084,1066,5508,0 254,578,2195,5131,4 1995,672,3572,5243,4
C:\Users\sichu\dev\PyCharm-Workspace\analysis-of-herbarium-sheets\yolov5-pytorch-main\VOCdevkit/VOC2007/JPEGImages/RM0062819.jpg 2989,319,3660,555,1 148,1,2742,261,2 2530,325,3701,2102,3 2483,4561,3744,5602,0 119,5096,1066,5561,0 107,461,3719,4990,4
C:\Users\sichu\dev\PyCharm-Workspace\analysis-of-herbarium-sheets\yolov5-pytorch-main\VOCdevkit/VOC2007/JPEGImages/RM0062822.jpg 107,761,3242,4719,4 2754,2278,3319,4261,3 177,1,2766,243,2 2972,272,3666,525,1 130,4914,1125,5496,0 2389,4719,3744,5616,0
C:\Users\sichu\dev\PyCharm-Workspace\analysis-of-herbarium-sheets\yolov5-pytorch-main\VOCdevkit/VOC2007/JPEGImages/RM0071091.jpg 136,4872,1089,5549,0 2319,4578,3744,5616,0 1530,1914,2113,3849,3 183,1,2760,255,2 2930,349,3654,661,1 601,584,1613,4631,4 1630,596,3154,5031,4
C:\Users\sichu\dev\PyCharm-Workspace\analysis-of-herbarium-sheets\yolov5-pytorch-main\VOCdevkit/VOC2007/JPEGImages/RM0071092.jpg 913,1461,1401,3414,3 172,1,2760,249,2 2954,355,3636,643,1 166,4925,1095,5525,0 2360,4649,3744,5590,0 336,708,3101,5249,4
C:\Users\sichu\dev\PyCharm-Workspace\analysis-of-herbarium-sheets\yolov5-pytorch-main\VOCdevkit/VOC2007/JPEGImages/RM0071100.jpg 377,637,1807,4019,4 2295,572,3342,4196,4 183,1,2760,255,2 2919,367,3642,625,1 1866,2049,2242,3937,3 160,4896,1107,5472,0 2701,4366,3744,4708,0 2442,4725,3744,5578,0
C:\Users\sichu\dev\PyCharm-Workspace\analysis-of-herbarium-sheets\yolov5-pytorch-main\VOCdevkit/VOC2007/JPEGImages/RM0071107.jpg 2466,4649,3744,5616,1 77,4884,1066,5502,1 1295,1655,2266,3567,3 2989,314,3701,602,1 177,1,2754,214,2 1025,2543,2448,5302,4 2354,437,3077,2725,4
C:\Users\sichu\dev\PyCharm-Workspace\analysis-of-herbarium-sheets\yolov5-pytorch-main\VOCdevkit/VOC2007/JPEGImages/RM0071359.jpg 54,1,2613,149,2 2866,243,3589,525,1 1562,1293,2618,3111,3 417,671,1150,3971,4 1283,981,2250,4324,4 2260,1262,3369,3529,4 112,4757,1074,5367,0 2269,4519,3712,5486,0
C:\Users\sichu\dev\PyCharm-Workspace\analysis-of-herbarium-sheets\yolov5-pytorch-main\VOCdevkit/VOC2007/JPEGImages/RM0071364.jpg 48,1,2613,161,2 2860,267,3589,555,1 1489,890,2660,2672,3 260,508,3319,5143,4 95,4755,1025,5361,0 2383,4537,3744,5472,0
C:\Users\sichu\dev\PyCharm-Workspace\analysis-of-herbarium-sheets\yolov5-pytorch-main\VOCdevkit/VOC2007/JPEGImages/RM0072250.jpg 13,84,2583,355,2 2883,367,3583,637,1 1189,2531,2225,4414,3 66,4890,972,5508,0 2225,4743,3695,5596,0 583,755,2254,4196,4
C:\Users\sichu\dev\PyCharm-Workspace\analysis-of-herbarium-sheets\yolov5-pytorch-main\VOCdevkit/VOC2007/JPEGImages/RM0076807.jpg 95,1,2660,261,2 2860,361,3530,643,1 2401,2361,2866,4408,3 160,4919,1083,5490,0 2313,4478,3742,5555,0 36,1814,2477,5402,4 2177,1749,3630,4372,4 1636,1943,2477,4725,4 795,3067,2307,5414,4
C:\Users\sichu\dev\PyCharm-Workspace\analysis-of-herbarium-sheets\yolov5-pytorch-main\VOCdevkit/VOC2007/JPEGImages/RM0080010.jpg 48,8,2642,296,2 2925,331,3648,655,1 266,2802,1619,4637,3 119,4872,1077,5467,0 2266,4690,3736,5616,0 366,390,3248,5408,4
C:\Users\sichu\dev\PyCharm-Workspace\analysis-of-herbarium-sheets\yolov5-pytorch-main\VOCdevkit/VOC2007/JPEGImages/RM0091593.jpg 89,402,3744,2643,4 1913,2172,3719,4655,4 113,2478,2525,5443,4 2872,349,3572,614,1 19,1,2613,190,2 1901,2725,3236,4496,3 2289,4631,3744,5525,0 113,4767,1077,5372,0
C:\Users\sichu\dev\PyCharm-Workspace\analysis-of-herbarium-sheets\yolov5-pytorch-main\VOCdevkit/VOC2007/JPEGImages/RM0103482.jpg 72,372,3377,4725,4 113,4919,1036,5461,0 1983,4567,3744,5616,0 1013,1131,2748,2525,3 2825,443,3501,708,1 30,25,2583,308,2
C:\Users\sichu\dev\PyCharm-Workspace\analysis-of-herbarium-sheets\yolov5-pytorch-main\VOCdevkit/VOC2007/JPEGImages/RM0109590.jpg 125,578,1436,4014,4 866,1672,1954,3502,3 95,1,2648,243,2 3001,308,3654,531,1 119,4755,1060,5325,0 2307,4402,3744,5461,0
C:\Users\sichu\dev\PyCharm-Workspace\analysis-of-herbarium-sheets\yolov5-pytorch-main\VOCdevkit/VOC2007/JPEGImages/RM0109602.jpg 2948,1584,3607,1825,1 166,4749,1072,5337,0 2313,4343,3736,5496,0 1025,596,3583,4367,4 1654,2519,2966,4208,3 77,1,2619,255,2
C:\Users\sichu\dev\PyCharm-Workspace\analysis-of-herbarium-sheets\yolov5-pytorch-main\VOCdevkit/VOC2007/JPEGImages/RM0109603.jpg 95,1,2630,255,2 2995,308,3648,561,1 748,1225,2207,2831,3 219,367,3642,2825,4 236,1567,2707,4867,4 277,3131,1901,4896,4 2430,4508,3713,5484,0 166,4761,1066,5319,0
C:\Users\sichu\dev\PyCharm-Workspace\analysis-of-herbarium-sheets\yolov5-pytorch-main\VOCdevkit/VOC2007/JPEGImages/RM0113109.jpg 266,1837,1689,5067,4 1554,2784,2107,5208,4 2101,1531,3201,4343,4 30,61,2536,361,2 2825,419,3472,655,1 572,1125,2548,1837,3 72,4884,1025,5443,0 2219,4590,3648,5590,0
C:\Users\sichu\dev\PyCharm-Workspace\analysis-of-herbarium-sheets\yolov5-pytorch-main\VOCdevkit/VOC2007/JPEGImages/RM0113116.jpg 36,84,2536,361,2 2813,414,3501,655,1 372,2672,1619,4419,3 77,4837,960,5461,0 2272,4649,3642,5567,0 442,719,2625,4537,4
C:\Users\sichu\dev\PyCharm-Workspace\analysis-of-herbarium-sheets\yolov5-pytorch-main\VOCdevkit/VOC2007/JPEGImages/rm0113117.jpg 689,555,3401,5025,4 7,61,2554,302,2 2836,361,3466,625,1 642,2614,1460,4531,3 54,4861,966,5472,0 2225,4461,3630,5537,0
C:\Users\sichu\dev\PyCharm-Workspace\analysis-of-herbarium-sheets\yolov5-pytorch-main\VOCdevkit/VOC2007/JPEGImages/RM0115069.jpg 95,4849,1042,5472,0 2313,4725,3677,5572,0 2836,3496,3566,3802,1 1919,1455,2989,3308,3 60,72,2577,325,2 177,461,1677,4531,4 1130,402,2030,4425,4 219,408,1972,4431,4 1819,614,3466,4584,4
C:\Users\sichu\dev\PyCharm-Workspace\analysis-of-herbarium-sheets\yolov5-pytorch-main\VOCdevkit/VOC2007/JPEGImages/RM0115075.jpg 160,372,3744,3237,4 183,2002,2548,4255,4 772,1778,2536,3002,3 2854,331,3513,684,1 42,37,2566,302,2 101,4902,1001,5478,0 2236,4643,3683,5572,0
C:\Users\sichu\dev\PyCharm-Workspace\analysis-of-herbarium-sheets\yolov5-pytorch-main\VOCdevkit/VOC2007/JPEGImages/RM0115077.jpg 36,78,2572,349,2 2848,414,3477,672,1 125,4872,1025,5449,0 2360,4672,3689,5602,0 1313,508,3060,1743,3 242,696,2666,4749,4 1666,1878,3554,4814,4
C:\Users\sichu\dev\PyCharm-Workspace\analysis-of-herbarium-sheets\yolov5-pytorch-main\VOCdevkit/VOC2007/JPEGImages/RM0115078.jpg 66,361,3744,5384,4 248,2990,1189,3602,4 701,778,2007,2490,3 25,72,2577,337,2 2813,372,3554,655,1 2248,4661,3683,5602,0 136,4902,1013,5478,0
C:\Users\sichu\dev\PyCharm-Workspace\analysis-of-herbarium-sheets\yolov5-pytorch-main\VOCdevkit/VOC2007/JPEGImages/RM0121976.jpg 19,61,2589,355,2 2819,402,3525,696,1 83,4843,1007,5425,0 2283,4578,3695,5616,0 2119,2131,2630,4084,3 336,702,2389,4837,4
C:\Users\sichu\dev\PyCharm-Workspace\analysis-of-herbarium-sheets\yolov5-pytorch-main\VOCdevkit/VOC2007/JPEGImages/RM0130257.jpg 1942,396,3677,3884,4 725,496,2836,3990,4 254,1955,1713,5072,4 160,384,3642,5049,4 2872,478,3530,708,1 36,84,2613,431,2 1477,3661,3254,4937,3 148,4914,1077,5484,3 2277,4555,3707,5616,3
C:\Users\sichu\dev\PyCharm-Workspace\analysis-of-herbarium-sheets\yolov5-pytorch-main\VOCdevkit/VOC2007/JPEGImages/RM0130258.jpg 60,96,2625,419,2 2866,443,3519,731,1 1836,2119,3048,3978,3 148,4849,1030,5508,0 2295,4531,3689,5572,0 166,672,3066,5343,4
C:\Users\sichu\dev\PyCharm-Workspace\analysis-of-herbarium-sheets\yolov5-pytorch-main\VOCdevkit/VOC2007/JPEGImages/RM0130259.jpg 42,96,2607,396,2 2877,425,3554,702,1 1301,1808,2213,3702,3 125,4908,1025,5455,0 2325,4437,3672,5616,0 101,1543,1942,4843,4 1860,531,2695,3549,4
C:\Users\sichu\dev\PyCharm-Workspace\analysis-of-herbarium-sheets\yolov5-pytorch-main\VOCdevkit/VOC2007/JPEGImages/RM0186750.jpg 113,396,2307,4149,4 1807,725,3683,3384,4 2819,367,3554,625,1 60,1,2583,255,2 1042,3202,2954,3831,3 154,4714,1095,5308,0 1919,4537,3695,5490,0
C:\Users\sichu\dev\PyCharm-Workspace\analysis-of-herbarium-sheets\yolov5-pytorch-main\VOCdevkit/VOC2007/JPEGImages/RM0186754.jpg 2336,4790,3683,5549,0 2977,4608,3666,4896,0 36,4784,1177,5519,0 236,2949,1613,4625,3 248,849,3430,4367,4 2872,355,3560,667,1 54,1,2595,267,2
C:\Users\sichu\dev\PyCharm-Workspace\analysis-of-herbarium-sheets\yolov5-pytorch-main\VOCdevkit/VOC2007/JPEGImages/RM0186758.jpg 54,1,2607,243,2 2836,402,3572,625,1 548,1414,1825,4078,4 1736,1708,2466,3719,4 2177,2319,3430,3972,4 2195,2872,3636,4437,3 107,4808,1207,5449,0 2572,4872,3744,5531,0
C:\Users\sichu\dev\PyCharm-Workspace\analysis-of-herbarium-sheets\yolov5-pytorch-main\VOCdevkit/VOC2007/JPEGImages/RM0186830.jpg 95,4972,1072,5449,0 2430,4414,3730,5519,0 913,3067,2519,4949,4 230,437,2054,3031,4 1925,1684,2677,3737,3 2872,367,3554,637,1 42,1,2554,255,2
C:\Users\sichu\dev\PyCharm-Workspace\analysis-of-herbarium-sheets\yolov5-pytorch-main\VOCdevkit/VOC2007/JPEGImages/RM0186838.jpg 30,1,2583,243,2 2872,308,3583,643,1 125,4943,1042,5467,0 2348,4572,3713,5543,0 2589,2384,3477,4302,3 425,1396,3336,4919,4
C:\Users\sichu\dev\PyCharm-Workspace\analysis-of-herbarium-sheets\yolov5-pytorch-main\VOCdevkit/VOC2007/JPEGImages/RM0186856.jpg 483,643,1148,2243,4 2307,555,3372,2531,4 101,2372,3507,4808,4 1460,455,2401,2349,3 19,1,2601,249,2 2872,331,3542,596,1 119,4943,1036,5425,0 2348,4608,3677,5490,0
C:\Users\sichu\dev\PyCharm-Workspace\analysis-of-herbarium-sheets\yolov5-pytorch-main\VOCdevkit/VOC2007/JPEGImages/RM0186863.jpg 95,4902,1007,5414,0 2342,4472,3725,5496,0 2901,349,3554,596,1 7,1,2589,272,2 813,1590,2560,3237,3 442,2261,3248,4690,4 201,437,1530,2661,4
C:\Users\sichu\dev\PyCharm-Workspace\analysis-of-herbarium-sheets\yolov5-pytorch-main\VOCdevkit/VOC2007/JPEGImages/RM0186878.jpg 48,1,2577,243,2 2848,343,3554,631,1 177,390,1225,902,0 60,4802,1195,5425,0 1213,5031,2366,5537,0 2413,4784,3683,5543,0 2936,961,3695,2972,3 154,1761,1930,4978,4 1677,2561,3507,4496,4 1572,655,3225,2343,4
C:\Users\sichu\dev\PyCharm-Workspace\analysis-of-herbarium-sheets\yolov5-pytorch-main\VOCdevkit/VOC2007/JPEGImages/RM0273417.jpg 13,8,2542,261,2 2789,714,3536,990,1 460,314,3377,1878,4 2525,1531,3583,2496,4 2354,2655,3583,3855,4 101,2014,1983,4961,4 330,1472,2154,2502,3 154,4949,989,5378,0 2313,4302,3648,4584,0 2248,4567,3719,5408,0
C:\Users\sichu\dev\PyCharm-Workspace\analysis-of-herbarium-sheets\yolov5-pytorch-main\VOCdevkit/VOC2007/JPEGImages/USFS0057170.jpg 54,1,2648,325,2 2954,402,3648,637,1 1577,849,3401,1819,3 172,4884,1301,5478,0 2325,4478,3736,5578,0 124,737,3695,4314,4
C:\Users\sichu\dev\PyCharm-Workspace\analysis-of-herbarium-sheets\yolov5-pytorch-main\VOCdevkit/VOC2007/JPEGImages/USFS0057171.jpg 225,743,3619,5067,4 72,19,2625,349,2 2983,372,3672,614,1 2448,2878,3744,4549,3 219,4902,1289,5472,0 2348,4555,3730,5567,0
C:\Users\sichu\dev\PyCharm-Workspace\analysis-of-herbarium-sheets\yolov5-pytorch-main\VOCdevkit/VOC2007/JPEGImages/USFS0057328.jpg 2907,367,3636,614,1 3048,2043,3466,3961,3 172,4884,1383,5472,0 2342,4567,3742,5578,0 189,678,3136,4925,4
C:\Users\sichu\dev\PyCharm-Workspace\analysis-of-herbarium-sheets\yolov5-pytorch-main\VOCdevkit/VOC2007/JPEGImages/USFS0057329.jpg 2942,378,3577,631,1 2977,1919,3325,3772,3 172,4872,1313,5431,0 2307,4572,3744,5608,0 42,1561,2101,4784,4 1242,2202,2330,5525,4 1889,584,3542,4243,4
C:\Users\sichu\dev\PyCharm-Workspace\analysis-of-herbarium-sheets\yolov5-pytorch-main\VOCdevkit/VOC2007/JPEGImages/USFS0057353.jpg 366,1961,2560,4667,4 77,1,2619,331,2 2972,343,3689,649,1 2577,2267,3083,4219,3 154,4872,1342,5443,0 2283,4414,3744,5549,0
C:\Users\sichu\dev\PyCharm-Workspace\analysis-of-herbarium-sheets\yolov5-pytorch-main\VOCdevkit/VOC2007/JPEGImages/USFS0057355.jpg 2936,367,3648,637,1 2701,2390,3207,4302,3 183,4855,1295,5467,0 2319,4496,3744,5616,0 842,1278,2701,5555,4
C:\Users\sichu\dev\PyCharm-Workspace\analysis-of-herbarium-sheets\yolov5-pytorch-main\VOCdevkit/VOC2007/JPEGImages/USFS0057359.jpg 619,1243,3048,5278,4 177,4914,1319,5467,0 2360,4449,3744,5578,0 2501,1125,2848,3002,3 2972,372,3689,619,1
C:\Users\sichu\dev\PyCharm-Workspace\analysis-of-herbarium-sheets\yolov5-pytorch-main\VOCdevkit/VOC2007/JPEGImages/USFS0057366.jpg 2954,378,3672,655,1 395,790,819,2672,3 89,372,2419,4537,4 1978,804,3614,2710,4 1760,3162,3688,5505,4 193,4890,1269,5443,0 2336,4548,3726,5586,0
C:\Users\sichu\dev\PyCharm-Workspace\analysis-of-herbarium-sheets\yolov5-pytorch-main\VOCdevkit/VOC2007/JPEGImages/USFS0057367.jpg 201,4849,1289,5461,0 2277,4525,3744,5572,0 2995,361,3672,625,1 3313,1484,3730,3414,3 207,472,1377,3690,4 1166,702,2513,4155,4 2407,1255,3654,4078,4
C:\Users\sichu\dev\PyCharm-Workspace\analysis-of-herbarium-sheets\yolov5-pytorch-main\VOCdevkit/VOC2007/JPEGImages/USFS0062634.jpg 901,3449,2989,5161,4 2842,390,3530,684,1 119,1,2689,278,2 489,2914,2460,3355,3 83,4961,1189,5543,0 2195,4684,3701,5608,0
C:\Users\sichu\dev\PyCharm-Workspace\analysis-of-herbarium-sheets\yolov5-pytorch-main\VOCdevkit/VOC2007/JPEGImages/USFS0062635.jpg 2236,4625,3660,5616,0 30,4967,1219,5508,0 377,1843,2348,2402,3 748,331,2848,1131,4 666,2684,2572,5490,4 2395,2025,3366,4631,4 107,43,2707,325,2
C:\Users\sichu\dev\PyCharm-Workspace\analysis-of-herbarium-sheets\yolov5-pytorch-main\VOCdevkit/VOC2007/JPEGImages/USFS0065841.jpg 89,49,2677,331,2 2866,372,3607,614,1 83,4943,1201,5502,0 2266,4578,3713,5616,0 942,3190,1889,5172,3 95,1402,2642,4908,4 225,431,2660,1367,4 1872,614,3160,4149,4
C:\Users\sichu\dev\PyCharm-Workspace\analysis-of-herbarium-sheets\yolov5-pytorch-main\VOCdevkit/VOC2007/JPEGImages/USFS0065854.jpg 154,590,3589,5114,4 2914,2502,3508,4502,3 2895,372,3607,584,1 119,1,2666,290,2 148,4972,1219,5496,0 2266,4590,3701,5616,0
C:\Users\sichu\dev\PyCharm-Workspace\analysis-of-herbarium-sheets\yolov5-pytorch-main\VOCdevkit/VOC2007/JPEGImages/USFS0071262.jpg 36,14,2536,272,2 219,396,860,755,4 2230,349,2925,614,1 177,402,3536,5078,4 119,5031,989,5314,0 1048,2537,1977,4302,3 2095,3925,3436,4255,0 1872,4284,3695,5449,0
C:\Users\sichu\dev\PyCharm-Workspace\analysis-of-herbarium-sheets\yolov5-pytorch-main\VOCdevkit/VOC2007/JPEGImages/USFS0071272.jpg 1772,4108,3689,5431,0 172,5037,1025,5267,0 1977,3778,3389,4102,0 2766,372,3472,614,1 48,43,2530,261,2 307,567,1719,3214,4 1113,1243,2601,3272,3
C:\Users\sichu\dev\PyCharm-Workspace\analysis-of-herbarium-sheets\yolov5-pytorch-main\VOCdevkit/VOC2007/JPEGImages/USFS0072021.jpg 1848,825,2572,2790,3 101,1,2613,225,2 2842,325,3560,596,1 619,1837,1519,4331,4 1377,1078,2377,3508,4 2319,661,3054,2737,4 2489,3655,3713,4119,0 2483,2719,3695,3349,0 213,4914,1166,5208,0 1936,4214,3744,5425,0
C:\Users\sichu\dev\PyCharm-Workspace\analysis-of-herbarium-sheets\yolov5-pytorch-main\VOCdevkit/VOC2007/JPEGImages/USFS0072491.jpg 1877,4390,3695,5578,0 1,4525,366,5519,0 136,390,1830,1214,0 25,31,2595,249,2 1877,461,2560,749,1 1054,1725,1707,3708,3 213,1384,1177,5178,4 1113,3796,1554,4843,4 1754,914,2583,4190,4 2560,567,3330,3878,4
