Label 0.8239 144 1418 546 1559
Label 0.7669 594 1309 1095 1652
Label 0.4818 -14 1649 245 1772
Label 0.4751 842 68 1080 213
Label 0.1913 262 1325 418 1400
Label 0.0683 832 66 1070 146
Label 0.0495 814 1321 1080 1365
Label 0.0468 686 1200 882 1334
Label 0.0464 681 1308 1094 1379
Label 0.0413 624 1342 1069 1394
Label 0.0264 224 1444 484 1522
Label 0.0235 635 1318 830 1362
Label 0.0230 634 1227 867 1366
Label 0.0202 606 1314 1087 1472
Label 0.0192 594 1361 877 1655
Label 0.0167 827 24 1085 121
Label 0.0161 196 1611 1016 1786
Label 0.0159 1087 925 1516 1663
Label 0.0133 157 1381 558 1649
Label 0.0132 1149 1081 1470 1548
Label 0.0128 -25 1600 201 1750
Label 0.0127 1057 -24 1539 667
Label 0.0119 1121 975 1473 1352
Label 0.0111 1159 34 1452 380
Label 0.0101 803 25 1092 280
Label 0.0099 527 1046 936 1351
Label 0.0098 1155 1542 1462 1754
Label 0.0092 865 53 1093 515
Label 0.0086 42 1661 205 1759
Label 0.0075 1149 1343 1450 1783
Label 0.0071 -4 1547 375 1737
Label 0.0067 860 381 1733 1902
Label 0.0066 551 1160 872 1331
Label 0.0065 48 1126 857 1500
Label 0.0064 -1 1649 548 1765
Label 0.0063 625 72 1093 639
Label 0.0061 845 -1 1090 47
Label 0.0061 136 -47 1021 439
Label 0.0057 891 76 1051 179
Label 0.0055 750 -7 1078 106
Label 0.0055 1103 828 1486 1228
Label 0.0055 147 -8 1030 168
Label 0.0054 -328 1648 210 1774
Label 0.0054 0 963 955 1606
Label 0.0054 398 1 656 30
Label 0.0052 207 1275 478 1437
Label 0.0052 879 69 1190 258
Label 0.0051 836 -436 1774 863
Label 0.0051 -309 -101 633 493
Label 0.0050 1039 567 1555 1464
Label 0.0049 14 3 431 33
Label 0.0049 600 1279 816 1374
Label 0.0047 414 -72 1105 725
Label 0.0045 219 993 881 1372
Label 0.0043 1062 -160 1537 365
Label 0.0042 867 1328 1024 1349
Label 0.0042 -389 1087 191 1758
Label 0.0041 716 1401 958 1590
Label 0.0041 1017 127 1574 1123
Label 0.0039 51 1322 407 1536
Label 0.0039 132 1208 1063 1667
Label 0.0039 488 47 1033 266
Label 0.0038 -334 -169 102 368
Label 0.0038 726 1230 1021 1344
Label 0.0038 204 815 453 972
Label 0.0037 -5 1539 993 1864
Label 0.0036 1164 1680 1467 1760
Label 0.0036 862 1236 967 1302
Label 0.0035 115 1264 217 1371
Label 0.0035 863 1294 1102 1373
Label 0.0035 573 -271 1455 886
Label 0.0035 676 1210 1163 1436
Label 0.0033 -213 1141 307 1692
Label 0.0033 823 1222 1407 1671
Label 0.0032 61 1195 270 1378
Label 0.0031 -523 -685 376 818
Label 0.0030 231 1439 1019 1764
Label 0.0029 -6 3 398 71
Label 0.0029 696 918 1573 1903
Label 0.0029 577 1126 979 1432
Label 0.0029 640 1327 784 1356
Label 0.0028 577 9 1086 192
Label 0.0028 43 1548 411 1655
Label 0.0028 876 -9 1291 174
Label 0.0028 101 1239 196 1352
Label 0.0027 -333 1517 222 1872
Label 0.0026 823 -36 1086 171
Label 0.0025 1192 1497 1546 1833
Label 0.0024 822 1616 1426 1800
Label 0.0024 76 1075 518 1288
Label 0.0023 279 1144 676 1324
Label 0.0023 845 1357 1091 1658
Label 0.0022 781 1427 1502 1924
Label 0.0022 -183 1589 52 1769
Label 0.0022 1187 1122 1428 1390
Label 0.0021 1153 252 1302 483
Label 0.0021 1191 134 1436 463
Label 0.0020 -184 480 857 1754
Label 0.0020 -51 -145 967 300
Label 0.0019 590 291 1060 723
Label 0.0019 -260 1169 -19 1497
Label 0.0019 646 533 1346 1483
Label 0.0019 474 -4 1026 81
Label 0.0019 779 1338 1023 1619
Label 0.0019 830 -156 1392 315
Label 0.0019 542 92 967 364
Label 0.0019 1150 385 1306 623
Label 0.0018 574 1 892 31
Label 0.0018 368 1169 565 1255
Label 0.0018 -4 1569 274 1832
Label 0.0018 8 1153 192 1368
Label 0.0018 -12 1406 149 1658
Label 0.0018 620 1306 903 1424
Label 0.0018 1197 370 1429 648
Label 0.0018 -50 736 676 1553
Label 0.0017 1153 1074 1297 1302
Label 0.0017 1148 589 1310 828
Label 0.0017 762 1322 989 1360
Label 0.0017 863 1217 961 1277
Label 0.0017 59 12 348 129
Label 0.0017 1142 1136 1296 1388
Label 0.0016 1191 997 1424 1248
Label 0.0016 96 1287 201 1407
Label 0.0016 1143 90 1302 406
Label 0.0016 -62 1461 225 1801
Label 0.0016 -6 1190 440 1641
Label 0.0016 1139 1728 1482 1768
Label 0.0016 160 1092 797 1287
Label 0.0016 210 1334 874 1607
Label 0.0016 1128 668 1312 909
Label 0.0016 1196 501 1428 782
Label 0.0015 951 0 1108 36
Label 0.0015 1126 460 1312 711
Label 0.0015 1154 942 1298 1160
Label 0.0015 140 1102 532 1569
Label 0.0015 455 1 591 23
Label 0.0015 24 -5 661 73
Label 0.0015 1071 1086 1744 2005
Label 0.0015 -176 1329 15 1610
Label 0.0015 868 78 1026 129
Label 0.0014 -627 272 200 1487
Label 0.0014 1171 569 1418 883
Label 0.0014 1133 1467 1347 1726
Label 0.0014 625 1054 1246 1558
Label 0.0014 -260 1045 -18 1349
Label 0.0014 906 1592 996 1645
Label 0.0014 -232 1481 -41 1725
Label 0.0014 878 -2 1102 95
Label 0.0014 845 1241 1034 1324
Label 0.0014 1053 1683 1426 1782
Label 0.0014 -342 1073 -85 1466
Label 0.0014 1128 799 1309 1047
Label 0.0013 -177 1148 16 1375
Label 0.0013 503 1119 824 1292
Label 0.0013 -62 1443 101 1642
Label 0.0013 1235 682 1464 1033
Label 0.0013 32 1245 178 1394
Label 0.0013 -208 49 215 288
Label 0.0013 -2 1294 642 2068
Label 0.0013 -291 1462 -127 1746
Label 0.0013 148 1512 510 1638
Label 0.0013 1344 576 1490 841
Label 0.0013 1148 1419 1304 1664
Label 0.0013 1166 728 1420 1121
Label 0.0012 647 53 869 281
Label 0.0012 394 1094 720 1294
Label 0.0012 187 1549 464 1667
Label 0.0012 710 11 1091 442
Label 0.0012 1344 1049 1489 1315
Label 0.0012 839 1302 1041 1358
Label 0.0012 -156 1079 13 1293
Label 0.0012 -111 44 108 331
Label 0.0012 561 9 813 164
Label 0.0012 618 1053 1331 2312
Label 0.0012 1350 924 1488 1174
Label 0.0012 1341 441 1490 706
Label 0.0012 180 14 758 644
Label 0.0012 96 1107 1098 1965
Label 0.0012 -159 1487 6 1711
Label 0.0011 614 1328 804 1381
Label 0.0011 -337 1191 -80 1613
Label 0.0011 1094 1100 1341 1533
Label 0.0011 637 358 979 908
Label 0.0011 1320 660 1503 916
Label 0.0011 404 5 654 67
Label 0.0011 1325 1681 1522 1778
Label 0.0011 -79 931 530 1850
Label 0.0011 -231 1004 -21 1238
Label 0.0011 1310 786 1510 1057
Label 0.0011 1304 1111 1514 1417
Label 0.0011 -208 -27 63 111
Label 0.0011 1136 1236 1297 1564
Label 0.0010 1078 177 1257 449
Label 0.0010 634 1141 897 1279
Label 0.0010 -346 947 -83 1326
Label 0.0010 40 1077 220 1337
Label 0.0010 516 1530 1182 1883
Label 0.0010 924 396 1114 618
Label 0.0010 3 1081 331 1473
Label 0.0010 294 1457 455 1513
Label 0.0010 20 9 258 179
Label 0.0010 -22 6 166 201
Label 0.0010 -267 1577 -24 1777
Label 0.0010 -159 947 18 1160
Label 0.0010 239 15 450 178
Label 0.0010 691 1275 1054 1362
Label 0.0010 531 3 874 72
Label 0.0010 148 17 396 160
Label 0.0010 -324 1462 -219 1755
Barcode 0.7106 272 1328 407 1394
Barcode 0.0477 336 1332 409 1392
Barcode 0.0271 -15 1652 229 1762
Barcode 0.0141 100 1653 300 1689
Barcode 0.0110 1128 114 1463 545
Barcode 0.0109 675 1662 1087 1726
Barcode 0.0109 824 1307 1069 1369
Barcode 0.0095 -293 18 32 154
Barcode 0.0088 -345 1078 118 1533
Barcode 0.0081 780 1692 1086 1757
Barcode 0.0071 1098 311 1499 669
Barcode 0.0070 1137 2 1456 184
Barcode 0.0068 1023 65 1566 893
Barcode 0.0068 -363 957 157 1387
Barcode 0.0066 -430 627 238 1699
Barcode 0.0064 -386 42 13 377
Barcode 0.0061 161 1655 240 1687
Barcode 0.0060 919 1595 1010 1637
Barcode 0.0059 289 1670 492 1719
Barcode 0.0056 779 615 1476 1171
Barcode 0.0054 1179 712 1585 1590
Barcode 0.0053 -268 -10 362 161
Barcode 0.0052 -405 770 195 1296
Barcode 0.0051 -304 1222 90 1649
Barcode 0.0051 -347 -183 137 623
Barcode 0.0049 -169 9 496 386
Barcode 0.0049 -44 1159 226 1423
Barcode 0.0047 1066 459 1533 805
Barcode 0.0046 821 248 1449 728
Barcode 0.0046 843 92 1403 590
Barcode 0.0045 1067 585 1523 950
Barcode 0.0041 -489 -110 326 1085
Barcode 0.0039 53 -8 846 151
Barcode 0.0038 631 1684 1024 1755
Barcode 0.0038 -116 1213 232 1645
Barcode 0.0036 607 1675 721 1735
Barcode 0.0036 849 934 1416 1387
Barcode 0.0035 -467 226 277 763
Barcode 0.0034 -212 1027 342 1553
Barcode 0.0034 -69 125 412 572
Barcode 0.0033 10 1092 337 1322
Barcode 0.0033 791 1670 997 1713
Barcode 0.0032 -383 1603 -64 1815
Barcode 0.0031 1213 798 1543 1283
Barcode 0.0030 -406 1377 -32 1773
Barcode 0.0029 356 1676 539 1713
Barcode 0.0028 -459 1222 30 1880
Barcode 0.0028 1129 291 1652 1488
Barcode 0.0027 694 339 1270 919
Barcode 0.0027 672 1666 1189 1791
Barcode 0.0027 -526 125 85 592
Barcode 0.0027 58 -432 1162 559
Barcode 0.0027 102 17 793 357
Barcode 0.0026 238 1683 581 1768
Barcode 0.0024 714 777 1255 1294
Barcode 0.0024 -145 737 484 1302
Barcode 0.0021 -21 1220 970 2165
Barcode 0.0021 320 1373 1039 2042
Barcode 0.0021 728 1674 938 1707
Barcode 0.0018 776 978 1193 1375
Barcode 0.0016 325 140 653 525
Barcode 0.0016 639 1330 830 1378
Barcode 0.0015 1171 -212 1611 400
Barcode 0.0015 -539 389 87 878
Barcode 0.0015 -411 1106 310 2257
Barcode 0.0014 935 1669 1052 1707
Barcode 0.0014 189 1663 620 1720
Barcode 0.0014 -500 635 47 1155
Barcode 0.0010 777 1632 1081 1742
Barcode 0.0010 808 1334 960 1351
Color Chart 0.2292 286 1686 577 1707
Color Chart 0.2239 215 1650 1003 1749
Color Chart 0.2025 678 1680 1072 1711
Color Chart 0.0501 410 1672 1102 1762
Color Chart 0.0255 357 1687 500 1702
Color Chart 0.0220 115 1655 318 1690
Color Chart 0.0220 639 1684 1095 1750
Color Chart 0.0204 580 1678 1040 1726
Color Chart 0.0171 842 1682 1086 1704
Color Chart 0.0165 210 1694 722 1758
Color Chart 0.0140 451 1649 762 1751
Color Chart 0.0138 172 1654 251 1686
Color Chart 0.0135 204 1680 468 1707
Color Chart 0.0121 294 1684 432 1697
Color Chart 0.0112 829 1687 979 1698
Color Chart 0.0103 558 1691 756 1736
Color Chart 0.0089 -734 533 597 2025
Color Chart 0.0081 261 1681 715 1722
Color Chart 0.0077 491 1675 876 1737
Color Chart 0.0077 328 1674 514 1716
Color Chart 0.0075 245 -264 2087 1964
Color Chart 0.0074 780 -363 1822 1033
Color Chart 0.0074 -54 1657 465 1774
Color Chart 0.0072 927 1677 1060 1702
Color Chart 0.0071 294 1618 1071 1791
Color Chart 0.0069 704 1713 1086 1748
Color Chart 0.0069 770 1689 918 1700
Color Chart 0.0065 -47 -407 1227 776
Color Chart 0.0065 -458 -202 108 631
Color Chart 0.0061 -822 -542 466 955
Color Chart 0.0060 -533 934 95 1630
Color Chart 0.0052 323 1685 466 1705
Color Chart 0.0049 739 1685 882 1708
Color Chart 0.0046 266 1682 394 1694
Color Chart 0.0045 652 233 1637 1561
Color Chart 0.0044 -62 1651 203 1750
Color Chart 0.0041 779 -72 1483 751
Color Chart 0.0041 826 269 2021 2020
Color Chart 0.0039 -191 1673 261 1754
Color Chart 0.0038 -443 -377 834 1034
Color Chart 0.0036 893 1682 1034 1692
Color Chart 0.0035 -580 526 152 1495
Color Chart 0.0034 -884 -381 783 2074
Color Chart 0.0033 -163 -5 501 684
Color Chart 0.0031 -375 235 785 1751
Color Chart 0.0028 958 1670 1095 1707
Color Chart 0.0026 235 1676 352 1696
Color Chart 0.0026 422 1681 563 1707
Color Chart 0.0026 196 1678 512 1770
Color Chart 0.0026 -728 920 330 2451
Color Chart 0.0025 786 766 1495 1544
Color Chart 0.0023 182 1653 745 1720
Color Chart 0.0023 120 1667 405 1736
Color Chart 0.0022 -588 -90 164 1038
Color Chart 0.0022 980 1678 1078 1722
Color Chart 0.0022 286 1678 497 1733
Color Chart 0.0021 740 1067 1541 2286
Color Chart 0.0017 1138 325 1301 572
Color Chart 0.0016 94 1658 419 1700
Color Chart 0.0015 830 1691 985 1701
Color Chart 0.0014 600 1702 715 1746
Color Chart 0.0013 1021 1676 1101 1742
Color Chart 0.0011 66 1550 612 1927
Color Chart 0.0011 198 1677 326 1726
Color Chart 0.0010 1042 1106 1778 2246
Color Chart 0.0010 554 1704 984 1747
Scale 0.1597 176 1655 1048 1761
Scale 0.0078 -434 907 225 1689
Scale 0.0067 1178 895 1563 1685
Scale 0.0042 279 1592 1064 1837
Scale 0.0035 582 194 1408 1545
Scale 0.0031 1205 -81 1524 513
Scale 0.0026 20 1654 378 1744
Scale 0.0024 664 38 1305 910
Scale 0.0021 1096 104 1341 492
Scale 0.0019 1118 113 1462 620
Scale 0.0018 498 1647 1155 1783
Scale 0.0016 1084 239 1344 637
Scale 0.0015 1098 995 1335 1377
Scale 0.0014 1087 381 1342 768
Scale 0.0014 1084 511 1344 911
Scale 0.0013 1083 851 1348 1251
Scale 0.0012 1112 -8 1341 340
Scale 0.0012 1050 31 1284 435
Scale 0.0010 1094 32 1243 321
Specimen 0.7707 57 63 1061 1350
Specimen 0.1187 113 78 452 1071
Specimen 0.0445 251 715 1011 1352
Specimen 0.0286 401 16 721 1121
Specimen 0.0162 -68 74 532 1362
Specimen 0.0122 -303 11 680 1677
Specimen 0.0095 457 102 1071 881
Specimen 0.0071 1201 1142 1511 1717
Specimen 0.0067 475 157 647 954
Specimen 0.0064 405 118 1275 1585
Specimen 0.0060 106 1262 205 1358
Specimen 0.0056 141 555 949 1129
Specimen 0.0052 -57 785 1024 1744
Specimen 0.0051 561 752 1054 1294
Specimen 0.0047 -296 -2 -4 145
Specimen 0.0044 509 598 1154 1433
Specimen 0.0039 1194 51 1516 395
Specimen 0.0039 84 419 513 1214
Specimen 0.0038 160 64 767 976
Specimen 0.0034 -386 157 454 1081
Specimen 0.0034 485 -4 1034 340
Specimen 0.0034 49 950 938 1342
Specimen 0.0032 455 758 794 1311
Specimen 0.0032 464 87 677 594
Specimen 0.0031 1127 1037 1467 1602
Specimen 0.0029 -273 19 0 295
Specimen 0.0027 1010 849 1809 1974
Specimen 0.0025 -166 1657 216 1749
Specimen 0.0023 -291 1085 8 1560
Specimen 0.0023 -113 465 734 1512
Specimen 0.0023 -404 885 -16 1478
Specimen 0.0021 134 148 379 775
Specimen 0.0021 181 768 488 994
Specimen 0.0021 1107 575 1470 1244
Specimen 0.0021 -263 1512 126 1826
Specimen 0.0021 1227 1676 1478 1773
Specimen 0.0021 -229 -61 209 408
Specimen 0.0020 221 188 556 949
Specimen 0.0020 1117 189 1461 686
Specimen 0.0019 1192 1165 1427 1485
Specimen 0.0019 1127 887 1453 1347
Specimen 0.0019 13 766 569 1233
Specimen 0.0019 -436 440 14 1240
Specimen 0.0018 -197 1642 258 1800
Specimen 0.0018 219 1084 883 1392
Specimen 0.0018 1128 479 1448 942
Specimen 0.0017 1215 -2 1467 234
Specimen 0.0017 510 181 811 938
Specimen 0.0017 91 370 364 1012
Specimen 0.0017 23 32 581 651
Specimen 0.0017 1072 620 1363 1070
Specimen 0.0016 87 1200 208 1370
Specimen 0.0016 -305 1571 -98 1781
Specimen 0.0015 1182 -11 1409 146
Specimen 0.0015 -234 -44 76 257
Specimen 0.0015 -249 1246 -13 1539
Specimen 0.0015 533 286 990 716
Specimen 0.0015 1236 1020 1471 1382
Specimen 0.0015 1301 952 1520 1423
Specimen 0.0015 -301 780 12 1325
Specimen 0.0015 -256 30 230 704
Specimen 0.0015 275 452 914 952
Specimen 0.0015 -319 1677 -62 1778
Specimen 0.0015 -232 -240 921 913
Specimen 0.0014 490 414 1004 859
Specimen 0.0014 -216 1264 54 1651
Specimen 0.0014 1209 351 1474 805
Specimen 0.0014 1239 574 1462 876
Specimen 0.0014 1151 0 1301 229
Specimen 0.0014 1143 -22 1316 120
Specimen 0.0014 1287 491 1523 937
Specimen 0.0014 -16 1103 189 1406
Specimen 0.0013 1290 281 1525 740
Specimen 0.0013 645 1000 963 1390
Specimen 0.0013 -333 145 47 732
Specimen 0.0013 415 -41 948 225
Specimen 0.0013 1283 662 1531 1169
Specimen 0.0013 176 635 520 1071
Specimen 0.0013 504 65 986 543
Specimen 0.0013 -203 73 55 390
Specimen 0.0012 -362 1205 -49 1690
Specimen 0.0012 520 165 629 538
Specimen 0.0012 -203 -26 47 139
Specimen 0.0012 1235 93 1469 545
Specimen 0.0012 -257 976 -18 1283
Specimen 0.0012 1240 -15 1475 115
Specimen 0.0012 -342 1032 -57 1340
Specimen 0.0011 -106 79 226 526
Specimen 0.0011 -220 992 52 1390
Specimen 0.0011 575 925 914 1305
Specimen 0.0011 1256 438 1464 715
Specimen 0.0011 95 1298 190 1370
Specimen 0.0011 -340 1522 -199 1788
Specimen 0.0011 1187 1287 1446 1655
Specimen 0.0011 1340 368 1491 642
Specimen 0.0011 110 1242 242 1405
Specimen 0.0010 -251 138 5 461
Specimen 0.0010 -369 1292 -174 1743
Specimen 0.0010 661 34 1069 708
Specimen 0.0010 -263 344 233 1076
Specimen 0.0010 1294 1144 1517 1522
Specimen 0.0010 -178 953 21 1174
Specimen 0.0010 1092 1151 1344 1617
