Label 0.8480 679 1353 1086 1647
Label 0.6034 784 -2 1088 100
Label 0.3154 -8 1647 240 1770
Label 0.3045 716 1243 958 1354
Label 0.2061 122 1218 242 1380
Label 0.2040 743 1197 944 1312
Label 0.1306 12 1590 99 1642
Label 0.0385 810 19 1103 145
Label 0.0335 268 788 475 921
Label 0.0213 239 1629 982 1741
Label 0.0204 1073 939 1531 1646
Label 0.0157 1146 1092 1471 1525
Label 0.0149 707 1144 956 1382
Label 0.0144 770 1393 1032 1596
Label 0.0123 1098 -18 1516 671
Label 0.0112 1126 975 1474 1347
Label 0.0098 1133 285 1487 702
Label 0.0097 886 13 1045 84
Label 0.0090 1151 1542 1462 1755
Label 0.0089 553 9 1128 136
Label 0.0089 1132 435 1490 822
Label 0.0086 1153 1330 1453 1789
Label 0.0084 1124 833 1481 1213
Label 0.0083 1123 557 1491 972
Label 0.0077 1052 599 1550 1420
Label 0.0071 1094 195 1522 1024
Label 0.0070 905 635 1698 1937
Label 0.0068 82 -7 1090 154
Label 0.0065 32 1562 268 1726
Label 0.0057 799 -70 1114 212
Label 0.0049 745 1260 897 1333
Label 0.0049 -14 1210 221 1593
Label 0.0046 -12 -25 1149 377
Label 0.0044 -37 1538 972 1757
Label 0.0044 0 -4 673 134
Label 0.0042 -373 -248 486 397
Label 0.0039 -24 1518 203 1755
Label 0.0037 392 1476 1035 1766
Label 0.0037 83 1223 806 1658
Label 0.0036 871 -9 1336 144
Label 0.0036 1080 -140 1524 337
Label 0.0035 -422 1094 223 1749
Label 0.0035 -274 703 394 1607
Label 0.0034 1163 1678 1467 1760
Label 0.0033 977 0 1097 41
Label 0.0033 1159 398 1281 634
Label 0.0032 1155 607 1287 830
Label 0.0032 1190 372 1426 651
Label 0.0032 657 976 1045 1469
Label 0.0031 -118 1176 287 1644
Label 0.0031 1181 673 1422 1042
Label 0.0030 14 1668 175 1759
Label 0.0030 1198 639 1547 1167
Label 0.0030 833 1361 1412 1757
Label 0.0030 847 -210 1762 1414
Label 0.0030 789 1159 1454 1690
Label 0.0030 1159 529 1288 754
Label 0.0030 1192 507 1425 784
Label 0.0029 754 1036 1137 1353
Label 0.0029 1152 739 1291 969
Label 0.0029 -34 1632 407 1798
Label 0.0028 860 -110 1440 513
Label 0.0028 1157 325 1289 554
Label 0.0028 -27 976 924 1606
Label 0.0027 49 1162 256 1439
Label 0.0027 703 964 1579 1856
Label 0.0027 262 1429 973 1636
Label 0.0026 -339 1508 192 1875
Label 0.0026 107 1208 374 1561
Label 0.0025 549 324 1207 1969
Label 0.0025 796 1628 1447 1794
Label 0.0025 1150 875 1293 1106
Label 0.0025 -558 -772 426 887
Label 0.0025 680 1357 1089 1489
Label 0.0025 494 1266 1001 1629
Label 0.0024 1187 854 1434 1115
Label 0.0023 1191 1494 1547 1838
Label 0.0023 1158 179 1285 449
Label 0.0022 587 3 1139 630
Label 0.0022 -251 1594 121 1761
Label 0.0022 51 1264 264 1626
Label 0.0022 1186 1128 1433 1383
Label 0.0022 1154 1138 1296 1367
Label 0.0022 703 1218 887 1317
Label 0.0021 1120 269 1313 604
Label 0.0021 128 548 748 1441
Label 0.0021 -58 1625 140 1734
Label 0.0021 1158 1003 1296 1228
Label 0.0021 771 1440 1508 1909
Label 0.0021 124 1289 245 1425
Label 0.0021 1186 206 1409 566
Label 0.0020 -462 134 566 1630
Label 0.0020 691 1663 1182 1805
Label 0.0020 1191 995 1429 1246
Label 0.0020 -2 760 633 1538
Label 0.0018 778 348 1510 1415
Label 0.0018 -121 -75 729 456
Label 0.0018 738 1 1035 40
Label 0.0018 -329 1672 221 1781
Label 0.0017 -15 5 159 202
Label 0.0017 668 788 1269 1529
Label 0.0017 283 1109 1105 2015
Label 0.0017 1117 405 1237 628
Label 0.0017 18 1493 611 1724
Label 0.0016 30 3 673 73
Label 0.0016 14 1402 320 1759
Label 0.0016 1145 1205 1293 1455
Label 0.0016 622 -3 1127 291
Label 0.0016 1113 606 1236 835
Label 0.0016 1139 1727 1482 1769
Label 0.0015 58 968 326 1490
Label 0.0015 753 1239 1092 1403
Label 0.0015 -265 1159 -16 1505
Label 0.0015 1067 1087 1743 2003
Label 0.0015 621 1097 961 1316
Label 0.0015 1132 1463 1348 1728
Label 0.0015 1154 1417 1313 1658
Label 0.0014 1115 489 1251 681
Label 0.0014 964 788 1090 1051
Label 0.0014 -7 309 168 582
Label 0.0014 1106 261 1245 500
Label 0.0014 680 1226 916 1398
Label 0.0014 -77 54 221 285
Label 0.0014 523 48 967 272
Label 0.0014 308 1329 910 1718
Label 0.0014 263 812 897 1241
Label 0.0014 1113 555 1251 752
Label 0.0014 0 1578 269 1844
Label 0.0014 -27 1547 123 1693
Label 0.0014 1098 1125 1332 1507
Label 0.0014 1041 1682 1436 1781
Label 0.0014 -590 291 183 1480
Label 0.0014 808 1172 1024 1343
Label 0.0013 1112 350 1254 548
Label 0.0013 -183 1144 12 1384
Label 0.0013 1106 736 1237 976
Label 0.0013 9 1484 116 1630
Label 0.0013 1024 671 1114 890
Label 0.0013 -294 1460 -126 1749
Label 0.0013 30 581 216 857
Label 0.0012 25 109 224 385
Label 0.0012 606 1099 1354 2276
Label 0.0012 74 1668 219 1743
Label 0.0012 817 25 1081 248
Label 0.0012 651 41 836 313
Label 0.0012 1257 568 1462 854
Label 0.0012 1311 645 1504 930
Label 0.0012 869 217 1427 1020
Label 0.0012 -187 1265 20 1536
Label 0.0012 -2 1 107 25
Label 0.0012 1148 81 1302 394
Label 0.0012 1099 875 1240 1111
Label 0.0012 6 -1 266 174
Label 0.0012 961 456 1097 709
Label 0.0011 -115 46 113 331
Label 0.0011 1340 1036 1491 1324
Label 0.0011 1302 775 1509 1066
Label 0.0011 -244 1480 -38 1731
Label 0.0011 -265 1023 -15 1373
Label 0.0011 618 17 900 172
Label 0.0011 -18 -80 909 245
Label 0.0011 372 -44 1103 219
Label 0.0011 25 907 220 1216
Label 0.0011 24 438 217 742
Label 0.0011 -347 1121 -80 1551
Label 0.0011 1314 506 1502 795
Label 0.0011 -52 1590 664 1856
Label 0.0011 -218 -25 74 110
Label 0.0011 1250 702 1468 991
Label 0.0011 1027 523 1113 772
Label 0.0011 1308 916 1511 1198
Label 0.0011 -260 1302 -22 1631
Label 0.0011 1323 1679 1524 1777
Label 0.0011 562 -316 1391 615
Label 0.0011 1105 826 1250 1026
Label 0.0011 -197 16 209 187
Label 0.0011 78 34 471 283
Label 0.0011 1090 1143 1250 1388
Label 0.0011 1340 842 1487 1116
Label 0.0010 -24 -4 329 71
Label 0.0010 -15 1311 143 1627
Label 0.0010 1092 1010 1245 1249
Label 0.0010 1305 1103 1511 1425
Label 0.0010 684 1209 995 1574
Label 0.0010 1015 716 1069 807
Label 0.0010 -326 1465 -218 1751
Label 0.0010 1100 964 1251 1161
Barcode 0.6412 780 1186 916 1247
Barcode 0.1564 6 1591 100 1649
Barcode 0.0782 728 1241 948 1344
Barcode 0.0200 831 1189 938 1258
Barcode 0.0139 652 1676 1101 1745
Barcode 0.0137 104 1658 286 1691
Barcode 0.0084 692 1654 1089 1721
Barcode 0.0083 -294 23 39 155
Barcode 0.0075 155 1653 232 1692
Barcode 0.0072 1154 7 1450 170
Barcode 0.0068 604 1692 704 1743
Barcode 0.0064 -135 -21 505 170
Barcode 0.0053 -340 1094 123 1525
Barcode 0.0051 -374 52 3 362
Barcode 0.0046 799 1174 922 1223
Barcode 0.0046 1215 1057 1528 1564
Barcode 0.0044 -133 -3 481 401
Barcode 0.0044 -328 1640 164 1777
Barcode 0.0042 881 953 1388 1382
Barcode 0.0041 1172 730 1605 1569
Barcode 0.0040 -451 1227 -4 1649
Barcode 0.0039 -350 -182 147 620
Barcode 0.0039 899 824 1370 1242
Barcode 0.0037 -470 978 16 1369
Barcode 0.0036 921 1074 1364 1530
Barcode 0.0036 -179 933 294 1417
Barcode 0.0036 803 101 1161 585
Barcode 0.0034 -378 1610 -62 1805
Barcode 0.0034 990 117 1306 557
Barcode 0.0033 -486 148 52 574
Barcode 0.0033 115 960 775 1386
Barcode 0.0032 84 1110 802 1549
Barcode 0.0031 -384 802 183 1289
Barcode 0.0031 929 -3 1351 410
Barcode 0.0030 259 124 896 573
Barcode 0.0030 1012 310 1308 673
Barcode 0.0029 288 1668 494 1721
Barcode 0.0029 1198 116 1583 1105
Barcode 0.0028 -402 1389 -35 1770
Barcode 0.0027 -383 308 214 709
Barcode 0.0027 1216 267 1552 744
Barcode 0.0027 302 248 598 517
Barcode 0.0026 220 810 623 1220
Barcode 0.0026 834 231 1140 774
Barcode 0.0024 -439 1450 12 1929
Barcode 0.0024 888 -37 1411 710
Barcode 0.0024 94 -332 1141 464
Barcode 0.0023 1021 0 1101 32
Barcode 0.0023 818 795 1156 1290
Barcode 0.0023 56 3 810 318
Barcode 0.0022 -3 96 618 604
Barcode 0.0022 -280 85 354 618
Barcode 0.0022 371 1412 971 2035
Barcode 0.0021 784 1671 1002 1713
Barcode 0.0021 60 1278 911 2133
Barcode 0.0020 -113 278 468 723
Barcode 0.0020 764 1196 884 1230
Barcode 0.0020 747 1256 891 1323
Barcode 0.0020 -483 409 27 851
Barcode 0.0019 988 464 1308 814
Barcode 0.0019 -357 353 425 1173
Barcode 0.0018 -120 743 468 1319
Barcode 0.0018 692 -526 1594 631
Barcode 0.0018 687 199 1073 790
Barcode 0.0016 1179 -191 1588 378
Barcode 0.0016 388 231 1051 740
Barcode 0.0015 170 7 729 671
Barcode 0.0014 155 273 528 695
Barcode 0.0013 -8 1615 393 1766
Barcode 0.0013 929 563 1327 981
Barcode 0.0012 384 252 759 695
Barcode 0.0012 -486 601 34 1177
Barcode 0.0012 507 -136 1810 1576
Barcode 0.0011 729 1673 935 1706
Color Chart 0.2505 193 1643 1012 1748
Color Chart 0.1961 671 1678 1080 1713
Color Chart 0.1846 285 1685 580 1708
Color Chart 0.0429 776 1683 1095 1706
Color Chart 0.0266 366 1671 1130 1755
Color Chart 0.0210 188 1685 751 1759
Color Chart 0.0188 459 1646 747 1752
Color Chart 0.0178 360 1684 502 1702
Color Chart 0.0116 597 1697 708 1744
Color Chart 0.0109 540 1671 812 1748
Color Chart 0.0108 268 1674 703 1710
Color Chart 0.0092 -26 1658 416 1776
Color Chart 0.0092 216 1713 637 1753
Color Chart 0.0089 108 1655 319 1691
Color Chart 0.0080 297 1604 1057 1791
Color Chart 0.0074 257 1680 719 1732
Color Chart 0.0067 330 1672 512 1717
Color Chart 0.0067 203 1679 465 1706
Color Chart 0.0061 170 1654 251 1690
Color Chart 0.0060 -52 -276 1240 635
Color Chart 0.0060 -842 604 443 1955
Color Chart 0.0059 826 -326 1784 999
Color Chart 0.0058 823 416 1771 1881
Color Chart 0.0055 597 1660 1072 1727
Color Chart 0.0053 -587 -414 1000 1056
Color Chart 0.0053 -458 -185 104 610
Color Chart 0.0052 668 1713 1066 1746
Color Chart 0.0052 -17 1657 161 1748
Color Chart 0.0051 -550 912 112 1654
Color Chart 0.0049 829 1687 982 1698
Color Chart 0.0046 893 1676 1091 1703
Color Chart 0.0046 537 1682 1015 1738
Color Chart 0.0045 -482 -600 642 712
Color Chart 0.0042 -213 491 1166 1793
Color Chart 0.0040 445 -29 1892 1998
Color Chart 0.0039 771 1687 918 1700
Color Chart 0.0039 -209 -125 550 774
Color Chart 0.0039 295 1684 434 1697
Color Chart 0.0037 368 -229 1378 873
Color Chart 0.0036 -715 26 881 1968
Color Chart 0.0035 -459 459 293 1604
Color Chart 0.0030 -564 -41 141 984
Color Chart 0.0029 989 1677 1072 1721
Color Chart 0.0029 801 766 1489 1557
Color Chart 0.0028 -142 1674 219 1753
Color Chart 0.0027 955 1667 1103 1710
Color Chart 0.0026 40 1655 652 1736
Color Chart 0.0026 171 -4 1001 645
Color Chart 0.0025 -714 939 316 2431
Color Chart 0.0025 739 1686 877 1713
Color Chart 0.0024 325 1686 472 1707
Color Chart 0.0023 -1038 -374 656 1574
Color Chart 0.0022 -424 74 542 1441
Color Chart 0.0020 265 1680 394 1695
Color Chart 0.0019 932 1679 1057 1694
Color Chart 0.0019 744 1071 1537 2283
Color Chart 0.0019 49 1657 207 1742
Color Chart 0.0015 669 1649 1069 1692
Color Chart 0.0014 1016 1673 1103 1741
Color Chart 0.0013 144 1674 384 1738
Color Chart 0.0013 217 1 642 31
Color Chart 0.0012 233 1672 350 1700
Color Chart 0.0012 91 2 497 31
Color Chart 0.0011 147 1239 271 1374
Color Chart 0.0011 283 1678 501 1737
Color Chart 0.0010 1037 1101 1783 2254
Scale 0.1944 217 1654 1055 1755
Scale 0.1386 115 1221 248 1389
Scale 0.0115 202 1555 1036 1722
Scale 0.0058 1172 915 1583 1663
Scale 0.0052 249 1604 1092 1839
Scale 0.0032 1142 294 1448 718
Scale 0.0032 1204 -73 1547 736
Scale 0.0031 742 -62 1224 725
Scale 0.0029 1128 809 1457 1284
Scale 0.0025 1126 1032 1461 1470
Scale 0.0023 1120 338 1313 671
Scale 0.0023 1118 595 1317 956
Scale 0.0021 1110 726 1324 1096
Scale 0.0021 1119 468 1312 809
Scale 0.0021 -193 -21 548 979
Scale 0.0020 1105 866 1329 1228
Scale 0.0019 1101 1000 1331 1367
Scale 0.0019 739 553 1233 1480
Scale 0.0019 68 4 763 71
Scale 0.0019 1151 72 1445 523
Scale 0.0019 1119 123 1316 473
Scale 0.0016 346 21 1076 918
Scale 0.0014 42 1656 346 1737
Scale 0.0013 1093 269 1254 617
Scale 0.0013 1097 411 1251 749
Scale 0.0012 1090 544 1252 885
Scale 0.0011 941 719 1107 1111
Scale 0.0011 1071 38 1269 429
Scale 0.0011 1082 669 1257 1030
Scale 0.0010 1003 471 1128 806
Scale 0.0010 1078 803 1257 1167
Specimen 0.8504 245 269 990 1231
Specimen 0.3533 817 507 1017 961
Specimen 0.0448 350 279 743 1152
Specimen 0.0424 478 459 1063 1202
Specimen 0.0186 705 515 1011 1088
Specimen 0.0185 262 808 488 927
Specimen 0.0156 115 1220 240 1389
Specimen 0.0121 253 446 561 1101
Specimen 0.0094 1169 34 1452 368
Specimen 0.0074 1195 1159 1523 1712
Specimen 0.0065 525 327 849 1105
Specimen 0.0061 244 598 493 1004
Specimen 0.0047 -295 -2 -6 143
Specimen 0.0044 447 -19 1062 215
Specimen 0.0035 -302 161 658 1584
Specimen 0.0032 455 400 1267 1599
Specimen 0.0030 1202 97 1536 603
Specimen 0.0028 673 778 1048 1326
Specimen 0.0027 -281 1 -9 347
Specimen 0.0023 1200 517 1489 1174
Specimen 0.0022 503 -43 981 387
Specimen 0.0021 1127 1069 1468 1568
Specimen 0.0021 61 245 483 1303
Specimen 0.0021 -436 381 13 1291
Specimen 0.0021 1225 1675 1479 1772
Specimen 0.0020 393 371 935 940
Specimen 0.0020 -204 463 532 1307
Specimen 0.0019 -306 1582 -93 1777
Specimen 0.0019 1206 -1 1466 235
Specimen 0.0018 1215 306 1474 845
Specimen 0.0018 -220 -55 206 400
Specimen 0.0018 -321 1675 -57 1777
Specimen 0.0018 -414 863 -12 1494
Specimen 0.0018 -82 1667 175 1763
Specimen 0.0018 -255 1513 115 1824
Specimen 0.0017 89 1186 377 1438
Specimen 0.0017 888 538 1102 903
Specimen 0.0016 1180 -8 1416 146
Specimen 0.0016 -229 41 61 441
Specimen 0.0016 345 324 550 616
Specimen 0.0016 1237 604 1460 977
Specimen 0.0016 1284 460 1527 968
Specimen 0.0016 483 825 977 1241
Specimen 0.0015 30 307 195 600
Specimen 0.0015 -292 1086 4 1555
Specimen 0.0015 4 184 715 1093
Specimen 0.0015 71 1233 305 1649
Specimen 0.0015 -239 -39 79 253
Specimen 0.0015 -83 234 195 651
Specimen 0.0014 262 55 885 895
Specimen 0.0014 104 -24 693 206
Specimen 0.0014 1143 -17 1317 118
Specimen 0.0014 1296 949 1522 1424
Specimen 0.0013 1215 787 1483 1308
Specimen 0.0013 401 1609 1113 1839
Specimen 0.0013 1293 260 1524 761
Specimen 0.0013 91 1247 255 1449
Specimen 0.0013 363 1 765 31
Specimen 0.0013 -295 116 14 624
Specimen 0.0013 1190 1215 1435 1582
Specimen 0.0013 968 528 1089 785
Specimen 0.0013 -162 1647 232 1802
Specimen 0.0013 1231 -15 1478 113
Specimen 0.0012 -229 1193 63 1589
Specimen 0.0012 1255 420 1464 727
Specimen 0.0011 707 -1 1063 470
Specimen 0.0011 55 -5 465 339
Specimen 0.0011 -341 1399 -200 1782
Specimen 0.0011 -52 712 308 1250
Specimen 0.0011 -284 434 104 1126
Specimen 0.0011 -322 1570 -217 1776
Specimen 0.0011 -188 170 14 479
Specimen 0.0011 277 729 489 896
Specimen 0.0011 -448 611 -92 1211
Specimen 0.0010 -230 986 57 1393
Specimen 0.0010 253 172 642 812
Specimen 0.0010 665 304 1311 1085
Specimen 0.0010 1152 0 1303 227
Specimen 0.0010 -46 479 297 929
Specimen 0.0010 -342 1300 -77 1738
Specimen 0.0010 -34 -5 305 340
Specimen 0.0010 -296 312 7 839
Specimen 0.0010 -19 581 153 864
Specimen 0.0010 -302 786 9 1320
Specimen 0.0010 -357 1646 -179 1800
Specimen 0.0010 1299 1150 1511 1516
