Label 0.8676 675 1428 1056 1634
Label 0.8654 300 1404 659 1622
Label 0.5358 819 -1 1030 104
Label 0.1969 -19 1666 185 1770
Label 0.0569 992 -1 1063 28
Label 0.0420 798 3 894 33
Label 0.0413 739 1456 1004 1591
Label 0.0351 770 2 1005 39
Label 0.0312 794 1259 974 1360
Label 0.0285 973 5 1061 38
Label 0.0273 862 37 1008 109
Label 0.0202 836 21 1061 160
Label 0.0184 851 0 1007 57
Label 0.0164 1057 927 1542 1652
Label 0.0133 1136 1110 1467 1504
Label 0.0113 1155 1196 1477 1705
Label 0.0102 716 1377 955 1442
Label 0.0100 686 1663 1090 1780
Label 0.0094 1157 1543 1460 1752
Label 0.0090 787 1290 947 1382
Label 0.0083 -7 1585 103 1648
Label 0.0062 1197 1395 1514 1752
Label 0.0058 -292 1651 182 1771
Label 0.0055 -18 1587 174 1742
Label 0.0053 225 1226 684 1683
Label 0.0051 795 1141 972 1319
Label 0.0051 125 1430 603 1668
Label 0.0047 911 -3 1086 78
Label 0.0046 864 1007 1039 1253
Label 0.0044 841 79 1116 560
Label 0.0044 -118 1197 237 1645
Label 0.0043 684 1266 1036 1698
Label 0.0043 795 -79 1089 216
Label 0.0043 422 7 1061 138
Label 0.0041 768 -2 1189 649
Label 0.0041 31 1224 304 1618
Label 0.0040 582 147 1171 815
Label 0.0039 853 -16 1420 680
Label 0.0038 -345 -263 458 407
Label 0.0038 926 16 1091 136
Label 0.0038 870 313 1035 573
Label 0.0036 284 1593 1074 1827
Label 0.0034 17 1480 297 1707
Label 0.0034 553 562 1194 1453
Label 0.0034 -168 -124 525 565
Label 0.0032 909 1 1039 34
Label 0.0032 17 658 239 927
Label 0.0032 968 855 1639 1970
Label 0.0031 1163 1679 1467 1761
Label 0.0031 -58 -219 959 620
Label 0.0030 812 1617 1435 1800
Label 0.0029 -197 1598 72 1769
Label 0.0029 746 1261 986 1416
Label 0.0029 746 1342 941 1430
Label 0.0027 -135 976 472 1607
Label 0.0027 743 829 1244 1484
Label 0.0027 924 1006 1078 1219
Label 0.0026 -309 1520 195 1873
Label 0.0026 852 1198 1404 1685
Label 0.0026 25 405 217 637
Label 0.0026 400 1353 1059 1631
Label 0.0026 28 533 221 784
Label 0.0025 1155 258 1301 482
Label 0.0025 448 -1 748 25
Label 0.0025 25 786 226 1065
Label 0.0024 785 1451 1494 1900
Label 0.0024 54 1290 574 1633
Label 0.0024 715 1394 1028 1473
Label 0.0024 966 493 1619 1573
Label 0.0023 880 946 1105 1295
Label 0.0023 -549 -774 417 899
Label 0.0023 -2 586 279 848
Label 0.0022 246 1498 978 1738
Label 0.0022 940 520 1101 762
Label 0.0022 885 13 1033 72
Label 0.0022 -19 706 291 988
Label 0.0022 859 46 1032 440
Label 0.0021 936 46 1070 441
Label 0.0021 693 -26 1086 297
Label 0.0021 -52 871 721 1944
Label 0.0021 1150 334 1289 570
Label 0.0021 1189 1128 1431 1382
Label 0.0021 671 1507 1151 1902
Label 0.0020 19 1552 670 1877
Label 0.0020 856 377 1060 641
Label 0.0020 965 13 1052 61
Label 0.0020 -354 1276 162 1834
Label 0.0020 862 814 1036 1160
Label 0.0019 806 1394 938 1426
Label 0.0019 383 -94 1103 260
Label 0.0019 720 1059 1115 1549
Label 0.0018 -25 1378 359 1747
Label 0.0018 -7 1648 229 1729
Label 0.0018 1159 455 1309 688
Label 0.0018 420 1159 1016 1477
Label 0.0018 6 454 271 704
Label 0.0018 754 476 1004 828
Label 0.0017 0 1458 141 1635
Label 0.0017 1156 1418 1308 1659
Label 0.0017 -51 -139 697 311
Label 0.0017 354 763 1101 1774
Label 0.0017 927 315 1087 553
Label 0.0017 586 270 1376 2240
Label 0.0017 1142 1727 1481 1768
Label 0.0017 929 389 1102 622
Label 0.0016 860 515 1068 779
Label 0.0016 1189 143 1434 457
Label 0.0016 1149 1071 1305 1299
Label 0.0016 1075 472 1269 690
Label 0.0016 -41 324 289 687
Label 0.0016 766 1387 910 1428
Label 0.0016 -409 1087 303 2280
Label 0.0015 1153 584 1320 831
Label 0.0015 1135 1463 1338 1726
Label 0.0015 1192 310 1431 574
Label 0.0015 1197 447 1430 712
Label 0.0015 1155 99 1287 402
Label 0.0015 814 17 966 67
Label 0.0015 857 -186 1411 320
Label 0.0015 -536 140 373 1660
Label 0.0015 1194 988 1429 1250
Label 0.0015 1133 1137 1303 1389
Label 0.0015 -240 1487 -32 1718
Label 0.0015 925 305 1019 423
Label 0.0014 12 153 274 462
Label 0.0014 627 1112 1281 2267
Label 0.0014 773 289 993 616
Label 0.0014 1064 597 1277 833
Label 0.0014 -167 1492 19 1710
Label 0.0014 -11 1576 229 1833
Label 0.0014 -56 1425 105 1645
Label 0.0014 -24 1319 176 1612
Label 0.0014 303 1334 888 1722
Label 0.0014 81 517 302 793
Label 0.0013 73 384 320 656
Label 0.0013 -186 1330 19 1611
Label 0.0013 179 1517 326 1678
Label 0.0013 1141 1250 1294 1547
Label 0.0013 1199 574 1424 848
Label 0.0013 1124 729 1320 987
Label 0.0013 1147 928 1316 1172
Label 0.0013 83 758 294 1084
Label 0.0013 -7 319 185 580
Label 0.0013 849 679 1049 1029
Label 0.0013 777 1028 1022 1360
Label 0.0013 365 -426 1163 551
Label 0.0013 1176 697 1408 1027
Label 0.0012 1081 339 1260 554
Label 0.0012 1352 647 1495 910
Label 0.0012 939 651 1103 899
Label 0.0012 1351 853 1492 1108
Label 0.0012 1083 165 1250 459
Label 0.0012 991 9 1073 67
Label 0.0012 228 97 438 402
Label 0.0012 915 838 1092 1138
Label 0.0012 83 34 465 293
Label 0.0012 1326 1681 1522 1777
Label 0.0012 132 88 384 421
Label 0.0012 -271 1214 -11 1596
Label 0.0012 132 0 574 72
Label 0.0012 -96 1319 105 1620
Label 0.0012 1347 984 1491 1245
Label 0.0012 -10 870 169 1111
Label 0.0011 1227 766 1461 1089
Label 0.0011 571 -379 1394 698
Label 0.0011 -159 1268 175 1526
Label 0.0011 749 577 1002 991
Label 0.0011 -65 1437 220 1787
Label 0.0011 -41 113 199 361
Label 0.0011 1171 820 1414 1170
Label 0.0011 -269 1586 -16 1773
Label 0.0011 20 47 265 296
Label 0.0011 1325 729 1506 984
Label 0.0011 1093 1170 1338 1595
Label 0.0011 1350 507 1494 774
Label 0.0011 114 1472 312 1637
Label 0.0011 681 -35 1019 139
Label 0.0011 -217 1424 61 1765
Label 0.0011 -207 59 212 278
Label 0.0011 -258 1393 -12 1672
Label 0.0011 -8 -4 310 76
Label 0.0011 950 336 1033 444
Label 0.0010 97 155 574 444
Label 0.0010 1309 1058 1513 1330
Label 0.0010 -299 1456 -122 1749
Label 0.0010 690 349 936 693
Label 0.0010 43 197 385 541
Label 0.0010 -203 13 208 186
Label 0.0010 800 1388 986 1439
Label 0.0010 30 8 236 200
Label 0.0010 -231 379 -7 632
Label 0.0010 1090 -3 1233 219
Label 0.0010 691 1382 862 1435
Label 0.0010 567 0 827 28
Barcode 0.8157 795 1282 944 1348
Barcode 0.1899 6 1608 97 1642
Barcode 0.1079 -7 1657 186 1771
Barcode 0.0593 993 0 1063 28
Barcode 0.0170 195 1678 550 1772
Barcode 0.0165 786 0 860 25
Barcode 0.0158 693 1650 1069 1733
Barcode 0.0087 576 1664 672 1735
Barcode 0.0083 1049 -25 1543 677
Barcode 0.0078 113 1650 204 1683
Barcode 0.0075 1114 137 1471 546
Barcode 0.0073 -298 20 42 155
Barcode 0.0070 289 1674 488 1713
Barcode 0.0068 877 1285 952 1335
Barcode 0.0066 1073 978 1506 1354
Barcode 0.0065 154 1660 562 1729
Barcode 0.0062 819 852 1163 1229
Barcode 0.0061 -337 1052 127 1559
Barcode 0.0059 -291 54 60 362
Barcode 0.0058 -448 -202 93 629
Barcode 0.0057 1140 47 1464 387
Barcode 0.0055 761 1252 976 1391
Barcode 0.0051 1215 1073 1527 1553
Barcode 0.0051 724 1670 954 1705
Barcode 0.0050 1126 7 1463 174
Barcode 0.0050 859 1014 1100 1299
Barcode 0.0047 -182 266 535 1014
Barcode 0.0047 -221 -21 317 163
Barcode 0.0044 -473 583 314 1741
Barcode 0.0043 687 287 1083 712
Barcode 0.0042 1155 660 1632 1655
Barcode 0.0041 842 1071 1420 1538
Barcode 0.0040 945 111 1316 557
Barcode 0.0038 -363 125 168 591
Barcode 0.0038 689 526 1306 1523
Barcode 0.0037 -468 -160 307 1145
Barcode 0.0036 792 683 1195 1120
Barcode 0.0035 1069 335 1514 660
Barcode 0.0035 -73 14 441 428
Barcode 0.0034 25 739 613 1537
Barcode 0.0034 -459 1213 -7 1655
Barcode 0.0032 143 -2 755 141
Barcode 0.0032 116 975 490 1354
Barcode 0.0032 -427 286 247 715
Barcode 0.0032 887 281 1385 695
Barcode 0.0031 816 800 1464 1271
Barcode 0.0031 -405 778 205 1293
Barcode 0.0031 -386 1609 -57 1813
Barcode 0.0030 1044 -207 1548 385
Barcode 0.0030 -29 1064 375 1559
Barcode 0.0030 -482 965 14 1376
Barcode 0.0030 -141 916 482 1420
Barcode 0.0029 686 804 1074 1262
Barcode 0.0029 708 53 1284 922
Barcode 0.0027 788 427 1208 852
Barcode 0.0026 801 1275 911 1321
Barcode 0.0025 1173 592 1624 967
Barcode 0.0025 -388 470 456 1292
Barcode 0.0025 1174 796 1595 1288
Barcode 0.0025 629 582 1125 1186
Barcode 0.0024 -99 275 473 713
Barcode 0.0024 -426 1373 -21 1772
Barcode 0.0023 -300 1400 97 1768
Barcode 0.0023 8 109 598 580
Barcode 0.0023 917 -5 1289 145
Barcode 0.0022 1032 473 1559 803
Barcode 0.0022 -14 1615 104 1655
Barcode 0.0021 201 1334 1015 2063
Barcode 0.0021 1109 145 1707 1389
Barcode 0.0020 996 672 1571 1129
Barcode 0.0020 829 535 1467 985
Barcode 0.0018 104 1653 196 1702
Barcode 0.0017 -530 406 78 864
Barcode 0.0013 577 1701 677 1749
Barcode 0.0012 875 1021 928 1067
Barcode 0.0012 1007 0 1105 33
Barcode 0.0011 701 -610 1605 712
Barcode 0.0011 949 1664 1047 1712
Barcode 0.0011 835 1275 955 1323
Barcode 0.0010 781 1669 1000 1718
Color Chart 0.4029 648 1677 1042 1712
Color Chart 0.2970 237 1684 559 1709
Color Chart 0.2463 200 1653 1004 1758
Color Chart 0.1106 641 1672 1060 1742
Color Chart 0.0695 198 1681 545 1728
Color Chart 0.0622 5 1650 189 1764
Color Chart 0.0576 196 1691 558 1764
Color Chart 0.0313 561 1668 691 1734
Color Chart 0.0254 639 1702 1041 1750
Color Chart 0.0191 486 1653 732 1757
Color Chart 0.0188 180 1657 627 1731
Color Chart 0.0155 295 1687 441 1700
Color Chart 0.0132 352 1685 498 1704
Color Chart 0.0119 299 1604 1055 1828
Color Chart 0.0118 794 1681 1073 1705
Color Chart 0.0114 797 1684 952 1695
Color Chart 0.0090 251 1675 727 1744
Color Chart 0.0081 524 1674 769 1740
Color Chart 0.0080 501 1660 976 1727
Color Chart 0.0079 769 1687 925 1697
Color Chart 0.0074 856 597 1737 1963
Color Chart 0.0073 -591 -189 986 1435
Color Chart 0.0072 267 1681 406 1695
Color Chart 0.0062 739 1684 887 1702
Color Chart 0.0059 728 -375 1866 1039
Color Chart 0.0056 1085 -79 1529 508
Color Chart 0.0056 -796 430 683 2123
Color Chart 0.0056 -460 861 290 1744
Color Chart 0.0055 938 1672 1054 1706
Color Chart 0.0054 643 1648 1033 1694
Color Chart 0.0053 -827 -554 469 970
Color Chart 0.0052 160 -13 1920 1992
Color Chart 0.0050 410 -191 1341 843
Color Chart 0.0049 165 1677 434 1707
Color Chart 0.0048 25 1661 659 1770
Color Chart 0.0045 278 309 1486 1696
Color Chart 0.0043 -140 490 809 1770
Color Chart 0.0041 -524 -181 116 863
Color Chart 0.0039 136 1581 588 1904
Color Chart 0.0037 -454 -412 862 826
Color Chart 0.0037 -521 1102 80 1732
Color Chart 0.0035 321 1677 504 1713
Color Chart 0.0035 -164 -91 521 764
Color Chart 0.0035 767 885 1510 1697
Color Chart 0.0033 642 1596 1077 1859
Color Chart 0.0031 776 1680 1093 1773
Color Chart 0.0031 232 1709 667 1749
Color Chart 0.0031 787 3 1497 953
Color Chart 0.0031 110 1651 199 1683
Color Chart 0.0029 -594 402 193 1613
Color Chart 0.0028 956 1677 1043 1718
Color Chart 0.0028 989 1672 1069 1730
Color Chart 0.0028 290 1686 435 1711
Color Chart 0.0026 -1097 -474 735 1669
Color Chart 0.0025 -727 916 328 2452
Color Chart 0.0025 -200 1663 207 1760
Color Chart 0.0022 860 1683 1004 1694
Color Chart 0.0022 89 1651 269 1686
Color Chart 0.0021 369 -1 694 26
Color Chart 0.0021 798 1690 953 1704
Color Chart 0.0021 739 1085 1545 2271
Color Chart 0.0020 897 1677 1026 1693
Color Chart 0.0020 230 1680 360 1694
Color Chart 0.0020 863 1675 1048 1715
Color Chart 0.0019 713 80 1588 1447
Color Chart 0.0019 -44 1627 450 1754
Color Chart 0.0019 750 1677 985 1731
Color Chart 0.0019 220 1659 435 1726
Color Chart 0.0019 248 1676 471 1744
Color Chart 0.0018 468 -613 2423 1811
Color Chart 0.0016 200 1670 319 1696
Color Chart 0.0016 237 0 553 29
Color Chart 0.0016 1013 2 1097 28
Color Chart 0.0016 153 1678 367 1731
Color Chart 0.0014 23 -471 949 596
Color Chart 0.0012 93 0 426 28
Color Chart 0.0012 -390 -161 502 1105
Color Chart 0.0012 -18 0 264 28
Color Chart 0.0012 43 1654 364 1791
Color Chart 0.0011 529 0 663 18
Color Chart 0.0010 987 1663 1071 1706
Color Chart 0.0010 1035 1105 1790 2249
Scale 0.0060 1170 867 1594 1712
Scale 0.0033 -236 664 582 1615
Scale 0.0025 1202 -130 1557 560
Scale 0.0023 1094 181 1332 552
Scale 0.0019 1123 63 1459 531
Scale 0.0017 902 11 1108 453
Scale 0.0016 1082 314 1339 698
Scale 0.0014 1103 53 1331 406
Specimen 0.8067 211 137 778 1461
Specimen 0.0361 344 185 723 1072
Specimen 0.0197 -310 -48 704 1563
Specimen 0.0158 280 427 642 1222
Specimen 0.0144 254 856 753 1398
Specimen 0.0113 401 50 915 1366
Specimen 0.0112 440 113 713 516
Specimen 0.0109 -46 1670 157 1758
Specimen 0.0077 499 126 696 392
Specimen 0.0073 1196 1155 1517 1714
Specimen 0.0068 51 148 620 1182
Specimen 0.0062 366 534 1027 1496
Specimen 0.0053 -254 424 589 1324
Specimen 0.0044 286 266 578 999
Specimen 0.0039 421 765 943 1336
Specimen 0.0036 506 169 1227 1315
Specimen 0.0035 427 123 1003 820
Specimen 0.0035 95 -23 784 430
Specimen 0.0034 387 -4 1028 388
Specimen 0.0033 223 -94 1505 1559
Specimen 0.0030 239 997 853 1535
Specimen 0.0030 -425 365 10 1311
Specimen 0.0029 -217 -6 45 362
Specimen 0.0029 -298 -3 -7 143
Specimen 0.0026 830 260 1062 623
Specimen 0.0026 219 425 494 1088
Specimen 0.0026 326 -188 1135 572
Specimen 0.0026 -68 554 323 1008
Specimen 0.0025 1126 1069 1466 1569
Specimen 0.0024 616 417 1140 1111
Specimen 0.0023 1191 55 1433 407
Specimen 0.0023 521 332 793 1057
Specimen 0.0021 868 434 1132 859
Specimen 0.0021 930 535 1096 770
Specimen 0.0021 1228 1678 1476 1774
Specimen 0.0020 -399 858 -19 1506
Specimen 0.0019 -52 444 303 844
Specimen 0.0019 -248 64 -25 431
Specimen 0.0019 702 391 1050 888
Specimen 0.0019 869 301 1143 720
Specimen 0.0018 125 537 573 1004
Specimen 0.0018 1192 1218 1433 1575
Specimen 0.0018 101 610 527 1371
Specimen 0.0018 856 508 1050 801
Specimen 0.0018 1110 209 1459 669
Specimen 0.0018 832 760 1063 1197
Specimen 0.0018 1121 584 1448 1105
Specimen 0.0017 1122 364 1441 792
Specimen 0.0017 -326 1671 72 1773
Specimen 0.0017 1170 1042 1414 1360
Specimen 0.0017 1128 892 1449 1341
Specimen 0.0017 -308 1664 -89 1785
Specimen 0.0017 1063 462 1260 715
Specimen 0.0016 616 255 1009 755
Specimen 0.0016 923 379 1098 650
Specimen 0.0016 -204 1125 190 1653
Specimen 0.0016 828 16 1069 452
Specimen 0.0016 -19 1576 204 1820
Specimen 0.0016 763 347 994 696
Specimen 0.0016 -9 403 152 644
Specimen 0.0016 26 65 481 537
Specimen 0.0015 -230 -54 211 402
Specimen 0.0015 -3 797 146 1065
Specimen 0.0015 1080 566 1345 987
Specimen 0.0015 1136 474 1302 708
Specimen 0.0015 -297 1053 5 1589
Specimen 0.0015 1038 314 1275 701
Specimen 0.0015 1068 750 1364 1209
Specimen 0.0015 1028 508 1283 906
Specimen 0.0015 -97 687 211 1143
Specimen 0.0015 1221 -1 1464 228
Specimen 0.0014 1203 496 1473 931
Specimen 0.0014 1125 606 1317 846
Specimen 0.0014 -425 707 -102 1254
Specimen 0.0014 31 163 225 484
Specimen 0.0014 1182 -12 1408 149
Specimen 0.0014 1179 300 1402 621
Specimen 0.0014 6 654 389 1161
Specimen 0.0014 -98 297 212 706
Specimen 0.0014 1196 744 1485 1219
Specimen 0.0014 -301 106 17 633
Specimen 0.0014 1293 954 1523 1420
Specimen 0.0014 -229 1255 64 1657
Specimen 0.0014 1146 -21 1312 121
Specimen 0.0014 1075 319 1248 583
Specimen 0.0014 1175 583 1408 880
Specimen 0.0014 778 967 1003 1292
Specimen 0.0013 -300 1612 203 1827
Specimen 0.0013 1084 998 1345 1372
Specimen 0.0013 -183 175 8 472
Specimen 0.0013 1084 449 1335 836
Specimen 0.0013 864 627 1143 1067
Specimen 0.0013 1296 562 1521 996
Specimen 0.0013 -330 5 -46 332
Specimen 0.0013 1232 713 1459 1010
Specimen 0.0013 806 538 1079 1017
Specimen 0.0013 884 984 1110 1383
Specimen 0.0013 1050 170 1271 572
Specimen 0.0012 -52 36 311 445
Specimen 0.0012 -46 237 301 643
Specimen 0.0012 1021 634 1291 1049
Specimen 0.0012 -24 666 194 915
Specimen 0.0012 1291 360 1524 794
Specimen 0.0012 919 656 1104 918
Specimen 0.0012 1234 1092 1473 1449
Specimen 0.0012 -390 219 -25 788
Specimen 0.0012 -255 444 -12 743
Specimen 0.0012 33 300 487 978
Specimen 0.0012 -253 294 -19 621
Specimen 0.0011 -377 1280 -159 1755
Specimen 0.0011 464 467 859 935
Specimen 0.0011 -10 170 153 476
Specimen 0.0011 -306 361 16 919
Specimen 0.0011 191 73 626 544
Specimen 0.0011 -308 472 137 1215
Specimen 0.0011 -350 812 -77 1185
Specimen 0.0011 1258 646 1459 914
Specimen 0.0011 -242 1236 -15 1543
Specimen 0.0011 -196 5 30 218
Specimen 0.0011 34 43 229 329
Specimen 0.0011 -188 1219 21 1457
Specimen 0.0010 1232 967 1470 1300
Specimen 0.0010 -301 1588 -91 1761
Specimen 0.0010 562 444 940 709
Specimen 0.0010 729 156 1034 583
Specimen 0.0010 15 1136 230 1541
Specimen 0.0010 1240 -18 1479 113
Specimen 0.0010 -376 1175 -36 1721
Specimen 0.0010 1349 439 1493 706
Specimen 0.0010 -222 -23 73 110
Specimen 0.0010 1154 30 1292 335
Specimen 0.0010 -296 786 10 1316
Specimen 0.0010 -350 639 -69 1075
Specimen 0.0010 287 -35 658 374
Specimen 0.0010 387 613 607 907
Specimen 0.0010 158 536 365 1009
Specimen 0.0010 526 73 787 413
Specimen 0.0010 1050 788 1265 1065
Specimen 0.0010 -46 1591 440 1862
Specimen 0.0010 616 621 1004 1200
Specimen 0.0010 1285 0 1532 475
Specimen 0.0010 -265 1046 -7 1362
