Label 0.8499 683 1359 1085 1653
Label 0.8078 9 1309 385 1639
Label 0.7372 822 24 1088 142
Label 0.4964 397 1402 680 1618
Label 0.2589 -12 1651 238 1770
Label 0.1935 727 1208 974 1325
Label 0.1500 717 1245 988 1359
Label 0.1095 754 1150 979 1284
Label 0.0434 69 1364 332 1580
Label 0.0393 893 34 1051 126
Label 0.0208 1070 950 1529 1643
Label 0.0194 9 1589 94 1641
Label 0.0154 1152 1102 1471 1524
Label 0.0146 708 1124 1007 1357
Label 0.0131 277 1579 1078 1739
Label 0.0130 714 1256 913 1329
Label 0.0130 1129 974 1468 1348
Label 0.0125 808 11 1077 61
Label 0.0112 815 22 1037 81
Label 0.0092 1151 1538 1463 1753
Label 0.0085 1113 809 1482 1224
Label 0.0085 1033 620 1554 1412
Label 0.0083 1151 1321 1459 1792
Label 0.0079 888 652 1711 1924
Label 0.0077 824 -54 1131 233
Label 0.0070 -418 892 198 1681
Label 0.0070 10 108 355 567
Label 0.0069 399 1329 682 1508
Label 0.0065 44 1268 595 1677
Label 0.0061 1099 576 1496 944
Label 0.0059 -498 667 607 1866
Label 0.0058 310 1417 757 1671
Label 0.0058 899 0 1105 46
Label 0.0055 8 5 152 228
Label 0.0054 1056 186 1550 1065
Label 0.0053 975 3 1093 38
Label 0.0051 15 98 256 383
Label 0.0049 3 2 314 27
Label 0.0047 627 54 1111 620
Label 0.0046 33 33 196 306
Label 0.0045 811 103 1139 576
Label 0.0043 -266 -184 373 352
Label 0.0043 -73 -35 416 462
Label 0.0042 -8 1560 80 1651
Label 0.0041 872 9 1102 100
Label 0.0039 10 1670 171 1759
Label 0.0039 -23 -14 362 178
Label 0.0039 343 1429 1054 1761
Label 0.0039 -5 1650 549 1775
Label 0.0037 893 8 1224 141
Label 0.0037 389 1221 996 1654
Label 0.0036 1165 1679 1466 1759
Label 0.0035 -81 128 445 786
Label 0.0035 -422 -514 569 634
Label 0.0035 793 1242 946 1334
Label 0.0034 -105 1437 286 1749
Label 0.0033 29 212 240 554
Label 0.0033 7 104 146 376
Label 0.0033 3 2 650 138
Label 0.0032 368 1 763 26
Label 0.0032 953 24 1113 72
Label 0.0031 890 1226 1368 1662
Label 0.0031 111 1368 705 1602
Label 0.0030 749 1238 1088 1391
Label 0.0030 -8 1538 1013 1868
Label 0.0030 1190 628 1548 1166
Label 0.0030 -63 60 192 392
Label 0.0028 1159 255 1293 482
Label 0.0028 798 1626 1446 1794
Label 0.0027 -12 171 179 432
Label 0.0027 772 1381 1029 1609
Label 0.0027 50 28 365 309
Label 0.0026 926 32 1289 364
Label 0.0025 1143 590 1303 846
Label 0.0025 807 1282 1460 1805
Label 0.0025 779 -190 1804 1897
Label 0.0025 684 1367 1081 1478
Label 0.0024 523 1316 684 1421
Label 0.0024 1159 518 1303 766
Label 0.0024 712 1017 1567 2058
Label 0.0024 665 -405 1628 788
Label 0.0024 874 -89 1407 489
Label 0.0024 1150 322 1289 570
Label 0.0024 1144 722 1302 982
Label 0.0024 -255 1152 -25 1512
Label 0.0023 119 1212 823 1823
Label 0.0023 31 1236 376 1449
Label 0.0023 -343 1491 194 1891
Label 0.0023 1174 485 1417 827
Label 0.0023 716 204 1256 1005
Label 0.0023 107 286 285 599
Label 0.0023 0 1 108 25
Label 0.0022 -339 1267 131 1829
Label 0.0022 1183 662 1415 1047
Label 0.0021 838 21 973 54
Label 0.0021 702 1298 1052 1545
Label 0.0021 1196 1491 1543 1840
Label 0.0021 -183 1138 12 1384
Label 0.0021 -261 1034 -16 1357
Label 0.0020 -81 -107 741 271
Label 0.0020 -258 906 -18 1216
Label 0.0020 -185 402 9 643
Label 0.0020 -189 679 10 909
Label 0.0020 323 2 1111 144
Label 0.0020 1191 1130 1423 1382
Label 0.0020 815 888 943 1067
Label 0.0019 480 1636 1187 1766
Label 0.0019 -31 1 144 30
Label 0.0019 1152 1072 1296 1300
Label 0.0019 786 1169 921 1265
Label 0.0018 -250 281 -19 626
Label 0.0018 -185 881 10 1110
Label 0.0018 1102 256 1326 611
Label 0.0018 952 883 1090 1098
Label 0.0018 696 1653 1202 1822
Label 0.0018 344 1219 667 1566
Label 0.0018 11 1308 304 1406
Label 0.0018 879 1165 958 1228
Label 0.0018 676 0 923 27
Label 0.0018 -168 20 189 194
Label 0.0017 -314 1674 209 1779
Label 0.0017 -232 1586 96 1761
Label 0.0017 -27 312 185 572
Label 0.0017 171 241 341 519
Label 0.0017 1197 995 1417 1245
Label 0.0017 1106 398 1330 747
Label 0.0017 952 73 1084 399
Label 0.0017 841 35 988 71
Label 0.0017 1193 372 1425 649
Label 0.0017 -187 1003 17 1261
Label 0.0017 -89 47 109 315
Label 0.0016 1141 1132 1293 1391
Label 0.0016 1 -3 294 63
Label 0.0016 1153 934 1299 1168
Label 0.0016 -181 1262 11 1534
Label 0.0016 746 569 1237 1471
Label 0.0016 -262 1347 292 1588
Label 0.0016 1182 133 1417 507
Label 0.0016 256 305 409 580
Label 0.0016 1139 1728 1482 1768
Label 0.0016 721 928 1099 1423
Label 0.0016 -12 388 155 626
Label 0.0015 127 161 411 452
Label 0.0015 4 1149 117 1346
Label 0.0015 70 0 765 63
Label 0.0015 1155 103 1289 395
Label 0.0015 -180 302 30 572
Label 0.0015 1100 262 1244 499
Label 0.0015 503 380 585 451
Label 0.0015 486 1281 703 1457
Label 0.0014 -17 1065 144 1320
Label 0.0014 1126 1467 1362 1730
Label 0.0014 1198 851 1424 1113
Label 0.0014 -258 1282 -19 1656
Label 0.0014 -335 883 -97 1249
Label 0.0014 -175 797 25 1038
Label 0.0014 589 191 1348 2065
Label 0.0014 -341 999 -89 1404
Label 0.0014 944 978 1092 1264
Label 0.0014 1072 1094 1733 1991
Label 0.0014 1097 1065 1331 1434
Label 0.0014 -103 166 112 475
Label 0.0014 845 187 1044 575
Label 0.0014 240 47 435 314
Label 0.0014 322 1155 1055 1926
Label 0.0014 210 1328 450 1613
Label 0.0013 -294 1455 -127 1753
Label 0.0013 36 362 212 662
Label 0.0013 -340 730 -88 1128
Label 0.0013 852 56 1055 420
Label 0.0013 461 1452 620 1566
Label 0.0013 1047 1683 1431 1780
Label 0.0013 1008 880 1118 1085
Label 0.0013 940 32 1111 260
Label 0.0013 -235 1470 -40 1739
Label 0.0013 1345 1041 1491 1321
Label 0.0013 834 599 911 667
Label 0.0013 1328 579 1499 861
Label 0.0013 1245 895 1465 1228
Label 0.0013 1318 774 1508 1069
Label 0.0013 665 2 1111 345
Label 0.0013 1105 210 1256 419
Label 0.0013 -181 1104 398 1716
Label 0.0012 -94 1648 155 1753
Label 0.0012 -340 587 -84 1001
Label 0.0012 266 1404 586 1634
Label 0.0012 1101 110 1241 379
Label 0.0012 -333 1120 -93 1548
Label 0.0012 1353 920 1490 1176
Label 0.0012 948 1184 1103 1357
Label 0.0012 268 -113 1172 261
Label 0.0012 963 829 1100 1017
Label 0.0012 1141 1240 1293 1558
Label 0.0012 -37 -10 206 77
Label 0.0012 1329 1679 1519 1776
Label 0.0012 851 953 931 1039
Label 0.0012 186 368 349 647
Label 0.0012 -16 1564 292 1864
Label 0.0012 53 1143 227 1353
Label 0.0012 767 204 980 566
Label 0.0012 236 1 624 28
Label 0.0012 1152 1418 1318 1657
Label 0.0012 -171 1413 9 1662
Label 0.0012 -338 397 -93 791
Label 0.0012 311 46 504 312
Label 0.0011 1093 346 1255 552
Label 0.0011 938 370 1096 650
Label 0.0011 1008 1538 1087 1625
Label 0.0011 1312 1107 1508 1420
Label 0.0011 1085 390 1244 644
Label 0.0011 1350 504 1488 778
Label 0.0011 -233 1293 237 1515
Label 0.0011 930 212 1094 540
Label 0.0011 525 1274 671 1394
Label 0.0011 1351 711 1489 977
Label 0.0011 204 239 466 506
Label 0.0011 967 731 1093 966
Label 0.0011 642 1425 1288 1992
Label 0.0011 840 1017 1075 1255
Label 0.0011 44 -377 917 502
Label 0.0011 -208 -9 224 97
Label 0.0011 345 957 400 1043
Label 0.0011 -166 247 186 499
Label 0.0011 206 52 600 275
Label 0.0011 484 -261 1254 593
Label 0.0011 718 292 900 608
Label 0.0011 776 75 981 419
Label 0.0011 877 -120 1328 268
Label 0.0011 1085 592 1244 847
Label 0.0010 -327 263 -100 657
Label 0.0010 21 3 152 23
Label 0.0010 175 106 492 371
Label 0.0010 1013 98 1117 372
Label 0.0010 516 356 666 650
Label 0.0010 553 1100 965 1413
Label 0.0010 1096 1162 1334 1604
Label 0.0010 842 872 1025 1105
Label 0.0010 -85 1164 108 1352
Label 0.0010 95 1520 729 1663
Label 0.0010 -294 32 -62 301
Label 0.0010 90 1314 415 1494
Label 0.0010 779 837 968 1132
Label 0.0010 534 2 861 27
Label 0.0010 1006 935 1123 1167
Label 0.0010 947 27 1119 131
Label 0.0010 852 351 1034 675
Label 0.0010 8 1147 634 2229
Label 0.0010 1349 1728 1469 1767
Label 0.0010 1084 723 1242 986
Barcode 0.7205 782 1161 924 1228
Barcode 0.0394 -17 1661 203 1759
Barcode 0.0146 3 1584 84 1642
Barcode 0.0117 105 1657 288 1692
Barcode 0.0091 1128 138 1472 548
Barcode 0.0090 821 22 961 64
Barcode 0.0076 -330 1061 100 1545
Barcode 0.0071 -299 18 52 145
Barcode 0.0070 1111 316 1492 672
Barcode 0.0066 1101 463 1502 798
Barcode 0.0062 644 1680 1103 1745
Barcode 0.0056 -148 -21 254 188
Barcode 0.0055 -356 529 134 1012
Barcode 0.0051 1223 1072 1523 1549
Barcode 0.0050 -345 280 151 725
Barcode 0.0050 -428 1205 -12 1668
Barcode 0.0049 1167 752 1603 1551
Barcode 0.0048 957 444 1362 803
Barcode 0.0048 150 1655 239 1689
Barcode 0.0047 888 647 1397 1136
Barcode 0.0047 938 575 1374 950
Barcode 0.0045 -226 938 303 1397
Barcode 0.0045 -311 44 90 379
Barcode 0.0043 -367 827 159 1261
Barcode 0.0043 935 286 1352 688
Barcode 0.0042 -467 950 25 1399
Barcode 0.0042 -260 363 330 901
Barcode 0.0041 800 269 1173 696
Barcode 0.0040 3 256 370 683
Barcode 0.0039 925 1091 1354 1515
Barcode 0.0039 -325 1637 162 1782
Barcode 0.0038 -394 1365 -35 1774
Barcode 0.0037 951 128 1319 559
Barcode 0.0036 883 958 1380 1379
Barcode 0.0035 689 1638 1089 1726
Barcode 0.0034 -489 146 60 574
Barcode 0.0034 -214 101 319 594
Barcode 0.0034 1203 560 1557 980
Barcode 0.0033 -368 1606 -68 1813
Barcode 0.0032 -483 674 40 1132
Barcode 0.0032 1208 788 1544 1277
Barcode 0.0032 -490 412 50 861
Barcode 0.0030 289 1667 491 1718
Barcode 0.0030 -145 14 255 397
Barcode 0.0030 1159 107 1639 1131
Barcode 0.0029 -478 -266 107 434
Barcode 0.0028 803 428 1167 830
Barcode 0.0025 347 1376 978 2045
Barcode 0.0025 3 1604 105 1664
Barcode 0.0024 847 861 1122 1212
Barcode 0.0024 -436 1437 9 1938
Barcode 0.0022 838 1166 941 1216
Barcode 0.0022 828 17 930 51
Barcode 0.0020 -2 1231 959 2149
Barcode 0.0020 1020 30 1101 72
Barcode 0.0018 847 1160 962 1245
Barcode 0.0017 605 1684 701 1738
Barcode 0.0016 235 1688 586 1771
Barcode 0.0011 757 1672 976 1706
Barcode 0.0010 355 1673 541 1710
Color Chart 0.2282 186 1646 1011 1750
Color Chart 0.1688 281 1685 581 1708
Color Chart 0.1190 676 1680 1074 1710
Color Chart 0.0382 243 1683 492 1704
Color Chart 0.0251 379 1675 1118 1757
Color Chart 0.0184 155 1683 794 1758
Color Chart 0.0157 360 1684 501 1703
Color Chart 0.0128 444 1651 750 1749
Color Chart 0.0128 247 1681 666 1716
Color Chart 0.0109 -26 1656 424 1775
Color Chart 0.0101 1067 -16 1534 670
Color Chart 0.0101 565 1698 727 1742
Color Chart 0.0100 -25 1657 170 1749
Color Chart 0.0093 327 1686 472 1699
Color Chart 0.0086 285 1693 767 1743
Color Chart 0.0078 789 391 1791 1905
Color Chart 0.0075 835 1681 1088 1706
Color Chart 0.0073 -710 567 570 1984
Color Chart 0.0071 293 1684 432 1696
Color Chart 0.0070 209 1705 605 1765
Color Chart 0.0069 575 1682 1037 1723
Color Chart 0.0067 287 1592 1062 1798
Color Chart 0.0067 530 1676 819 1746
Color Chart 0.0058 783 -346 1816 1014
Color Chart 0.0056 -489 1095 60 1737
Color Chart 0.0055 -297 -174 698 825
Color Chart 0.0054 408 -373 1918 2050
Color Chart 0.0052 -401 -39 225 1007
Color Chart 0.0052 -543 528 122 1490
Color Chart 0.0051 -291 716 376 1574
Color Chart 0.0050 331 1671 510 1715
Color Chart 0.0050 331 -103 1420 1027
Color Chart 0.0050 -920 -458 546 1139
Color Chart 0.0042 166 1672 422 1702
Color Chart 0.0040 -864 21 459 1707
Color Chart 0.0040 765 188 1539 1336
Color Chart 0.0038 262 1682 394 1694
Color Chart 0.0037 -476 -207 107 636
Color Chart 0.0037 817 20 1476 940
Color Chart 0.0036 666 1713 1066 1746
Color Chart 0.0034 200 1684 459 1716
Color Chart 0.0033 801 1686 953 1697
Color Chart 0.0032 602 1693 708 1732
Color Chart 0.0031 1141 229 1652 1280
Color Chart 0.0030 862 1686 1008 1697
Color Chart 0.0030 769 1688 918 1699
Color Chart 0.0030 565 1675 747 1731
Color Chart 0.0026 779 782 1504 1552
Color Chart 0.0025 -727 928 329 2439
Color Chart 0.0024 760 1117 968 1311
Color Chart 0.0023 286 1661 762 1724
Color Chart 0.0020 735 1053 1546 2301
Color Chart 0.0019 233 1674 351 1697
Color Chart 0.0017 737 1687 878 1709
Color Chart 0.0017 510 1658 954 1728
Color Chart 0.0015 987 1678 1077 1729
Color Chart 0.0015 -80 -397 793 529
Color Chart 0.0015 1179 -188 1590 372
Color Chart 0.0014 168 1678 363 1732
Color Chart 0.0013 893 1680 1036 1694
Color Chart 0.0012 225 1682 348 1712
Color Chart 0.0011 77 1661 606 1731
Color Chart 0.0010 255 1681 392 1707
Scale 0.1964 203 1650 1070 1756
Scale 0.0064 230 1593 1104 1837
Scale 0.0062 1168 922 1584 1657
Scale 0.0038 720 101 1241 830
Scale 0.0037 -369 -176 170 615
Scale 0.0032 1194 -76 1540 494
Scale 0.0023 1106 123 1327 472
Scale 0.0018 1108 520 1329 893
Scale 0.0018 1132 73 1455 523
Scale 0.0016 0 1639 545 1744
Scale 0.0015 1096 998 1332 1368
Scale 0.0012 1076 50 1263 419
Scale 0.0012 1075 196 1262 551
Scale 0.0011 918 32 1107 431
Specimen 0.7943 483 662 649 900
Specimen 0.7740 703 675 952 910
Specimen 0.7652 481 223 617 413
Specimen 0.7475 122 645 366 980
Specimen 0.6896 495 1127 618 1323
Specimen 0.5271 247 1154 306 1237
Specimen 0.0218 473 1085 679 1337
Specimen 0.0212 234 1130 315 1269
Specimen 0.0200 359 552 420 613
Specimen 0.0163 49 610 507 987
Specimen 0.0138 362 500 421 606
Specimen 0.0120 352 535 416 595
Specimen 0.0117 173 1105 337 1257
Specimen 0.0115 214 1152 288 1237
Specimen 0.0113 1167 45 1458 361
Specimen 0.0111 191 454 995 1576
Specimen 0.0109 639 637 1032 1066
Specimen 0.0104 1157 1203 1485 1725
Specimen 0.0098 722 603 967 830
Specimen 0.0088 1164 15 1452 171
Specimen 0.0086 212 456 451 868
Specimen 0.0084 252 1165 332 1279
Specimen 0.0083 282 639 863 1415
Specimen 0.0082 537 1250 623 1331
Specimen 0.0081 215 1102 415 1283
Specimen 0.0079 257 1152 350 1242
Specimen 0.0078 766 680 919 860
Specimen 0.0074 113 583 315 814
Specimen 0.0069 483 507 677 868
Specimen 0.0068 464 216 783 442
Specimen 0.0066 336 683 701 962
Specimen 0.0065 146 764 396 1008
Specimen 0.0059 673 485 1010 905
Specimen 0.0059 327 369 607 894
Specimen 0.0057 145 375 501 935
Specimen 0.0051 509 426 955 900
Specimen 0.0047 355 280 617 699
Specimen 0.0046 -299 -1 -6 142
Specimen 0.0046 166 753 414 1198
Specimen 0.0043 -314 399 419 1326
Specimen 0.0041 1087 -118 1526 321
Specimen 0.0039 512 186 677 486
Specimen 0.0039 449 694 602 881
Specimen 0.0039 432 381 728 940
Specimen 0.0039 229 69 1258 1173
Specimen 0.0038 323 552 469 874
Specimen 0.0038 -468 187 593 1561
Specimen 0.0037 403 59 1052 863
Specimen 0.0037 57 105 558 808
Specimen 0.0037 11 376 376 960
Specimen 0.0036 -240 568 364 1003
Specimen 0.0036 135 263 482 699
Specimen 0.0035 303 462 417 599
Specimen 0.0034 508 270 663 436
Specimen 0.0034 286 111 679 846
Specimen 0.0034 127 660 281 823
Specimen 0.0033 451 728 964 1327
Specimen 0.0033 448 257 985 724
Specimen 0.0033 -108 1674 191 1754
Specimen 0.0032 353 451 453 635
Specimen 0.0032 63 179 330 564
Specimen 0.0032 1132 541 1453 1141
Specimen 0.0031 226 1097 296 1228
Specimen 0.0030 327 1152 529 1331
Specimen 0.0030 438 136 880 536
Specimen 0.0030 53 913 400 1390
Specimen 0.0029 -408 504 -5 1175
Specimen 0.0029 137 716 274 876
Specimen 0.0029 -302 409 7 1012
Specimen 0.0027 358 518 429 701
Specimen 0.0027 273 921 395 1171
Specimen 0.0027 292 80 682 421
Specimen 0.0027 -232 -5 69 355
Specimen 0.0026 99 -92 844 1038
Specimen 0.0026 -285 1068 -1 1571
Specimen 0.0025 504 1016 816 1365
Specimen 0.0025 205 897 353 1215
Specimen 0.0025 429 157 704 689
Specimen 0.0025 245 996 334 1234
Specimen 0.0024 -401 885 -17 1476
Specimen 0.0024 -307 806 16 1294
Specimen 0.0024 775 716 1059 959
Specimen 0.0024 1138 430 1441 848
Specimen 0.0024 86 669 269 973
Specimen 0.0023 296 507 421 762
Specimen 0.0022 249 861 415 1244
Specimen 0.0022 315 566 825 975
Specimen 0.0022 -205 50 196 551
Specimen 0.0022 -288 192 3 681
Specimen 0.0022 465 375 598 772
Specimen 0.0022 197 1144 308 1299
Specimen 0.0022 -234 362 51 794
Specimen 0.0022 -238 615 58 1084
Specimen 0.0021 434 779 653 1319
Specimen 0.0021 283 901 515 1336
Specimen 0.0021 318 496 424 666
Specimen 0.0021 318 -32 1098 432
Specimen 0.0020 399 425 555 720
Specimen 0.0020 1135 1045 1453 1459
Specimen 0.0020 289 1180 360 1279
Specimen 0.0020 159 606 380 866
Specimen 0.0020 1132 225 1448 653
Specimen 0.0020 367 904 609 1350
Specimen 0.0020 -390 282 -28 854
Specimen 0.0020 1100 627 1337 1057
Specimen 0.0020 1228 1675 1478 1772
Specimen 0.0020 -187 108 10 403
Specimen 0.0020 366 509 594 805
Specimen 0.0019 -186 469 8 712
Specimen 0.0019 396 155 1349 1839
Specimen 0.0019 375 526 446 603
Specimen 0.0019 278 556 542 998
Specimen 0.0019 -254 478 -19 830
Specimen 0.0019 1178 1147 1411 1532
Specimen 0.0018 321 975 474 1276
Specimen 0.0018 -173 -61 187 270
Specimen 0.0018 520 980 648 1322
Specimen 0.0018 1137 817 1443 1278
Specimen 0.0018 277 384 434 666
Specimen 0.0018 1175 356 1417 694
Specimen 0.0018 -130 984 132 1394
Specimen 0.0018 374 549 450 631
Specimen 0.0018 340 556 444 773
Specimen 0.0018 -302 1568 -105 1780
Specimen 0.0018 629 429 1109 1608
Specimen 0.0018 -62 1073 89 1327
Specimen 0.0018 713 807 994 1281
Specimen 0.0018 242 -204 1217 613
Specimen 0.0017 849 115 1048 507
Specimen 0.0017 80 -14 448 354
Specimen 0.0017 0 241 275 623
Specimen 0.0017 -359 1293 -175 1740
Specimen 0.0017 -151 534 561 1730
Specimen 0.0017 1148 -15 1316 116
Specimen 0.0016 1242 563 1454 886
Specimen 0.0016 494 1269 656 1399
Specimen 0.0016 -244 131 -23 513
Specimen 0.0016 -176 661 24 903
Specimen 0.0016 -182 252 14 522
Specimen 0.0016 1233 -13 1476 112
Specimen 0.0016 -262 756 -16 1095
Specimen 0.0016 -316 1677 -64 1777
Specimen 0.0016 -240 1512 99 1821
Specimen 0.0015 478 661 866 913
Specimen 0.0015 219 648 349 902
Specimen 0.0015 1302 957 1519 1414
Specimen 0.0015 178 738 329 900
Specimen 0.0015 561 1073 769 1321
Specimen 0.0015 -43 1021 158 1348
Specimen 0.0015 -315 1565 -221 1775
Specimen 0.0015 1094 770 1340 1187
Specimen 0.0015 346 1163 447 1315
Specimen 0.0015 119 1006 483 1491
Specimen 0.0015 513 406 669 747
Specimen 0.0015 1293 547 1526 1008
Specimen 0.0015 667 309 950 831
Specimen 0.0015 1240 670 1458 1044
Specimen 0.0014 -360 1199 -47 1697
Specimen 0.0014 1247 1026 1464 1376
Specimen 0.0014 94 110 429 489
Specimen 0.0014 -219 1258 52 1655
Specimen 0.0014 -135 1655 211 1796
Specimen 0.0014 666 506 826 806
Specimen 0.0014 -175 795 165 1311
Specimen 0.0014 -332 1410 -206 1768
Specimen 0.0014 389 1185 476 1295
Specimen 0.0014 1299 749 1525 1212
Specimen 0.0014 -400 818 -124 1277
Specimen 0.0014 490 320 599 438
Specimen 0.0014 185 179 483 554
Specimen 0.0013 116 893 303 1211
Specimen 0.0013 380 1212 480 1332
Specimen 0.0013 -8 806 270 1291
Specimen 0.0013 901 81 1120 516
Specimen 0.0013 -8 976 127 1285
Specimen 0.0013 297 251 500 628
Specimen 0.0013 112 511 830 1195
Specimen 0.0013 1296 357 1521 797
Specimen 0.0012 196 -29 610 364
Specimen 0.0012 337 696 615 1257
Specimen 0.0012 -340 656 -84 1067
Specimen 0.0012 516 867 673 1235
Specimen 0.0012 646 572 902 897
Specimen 0.0012 733 11 1030 461
Specimen 0.0012 -228 -24 80 109
Specimen 0.0012 209 1072 464 1408
Specimen 0.0012 333 909 455 1183
Specimen 0.0012 407 1596 1099 1854
Specimen 0.0012 184 68 764 630
Specimen 0.0012 492 1180 634 1419
Specimen 0.0012 -30 1025 402 1613
Specimen 0.0012 -334 1640 -214 1805
Specimen 0.0012 -339 454 -89 866
Specimen 0.0012 140 7 685 144
Specimen 0.0012 698 720 771 820
Specimen 0.0012 816 213 1079 655
Specimen 0.0011 -347 1025 -60 1349
Specimen 0.0011 -399 1076 -127 1559
Specimen 0.0011 301 1137 479 1277
Specimen 0.0011 1153 1 1304 224
Specimen 0.0011 -342 832 -65 1134
Specimen 0.0011 46 979 210 1271
Specimen 0.0011 262 1024 890 1568
Specimen 0.0011 -29 910 165 1202
Specimen 0.0011 518 1089 598 1232
Specimen 0.0011 719 413 893 751
Specimen 0.0011 336 495 410 582
Specimen 0.0011 -355 1578 -186 1856
Specimen 0.0011 -176 265 168 744
Specimen 0.0011 1327 445 1499 729
Specimen 0.0011 -315 1361 -88 1687
Specimen 0.0011 1306 1159 1509 1507
Specimen 0.0011 355 594 427 729
Specimen 0.0011 816 898 1071 1338
Specimen 0.0011 317 572 415 820
Specimen 0.0011 -195 10 37 213
Specimen 0.0011 322 563 419 692
Specimen 0.0010 334 312 462 569
Specimen 0.0010 534 224 809 646
Specimen 0.0010 263 1061 357 1232
Specimen 0.0010 915 917 1112 1316
Specimen 0.0010 25 1012 255 1360
Specimen 0.0010 528 792 814 1296
Specimen 0.0010 -362 965 -166 1301
Specimen 0.0010 315 1167 408 1304
Specimen 0.0010 266 1139 409 1326
Specimen 0.0010 413 604 606 860
Specimen 0.0010 270 672 352 866
Specimen 0.0010 907 315 1123 697
Specimen 0.0010 1285 1097 1544 1686
Specimen 0.0010 386 1130 563 1290
Specimen 0.0010 1258 364 1460 650
Specimen 0.0010 419 1157 530 1317
Specimen 0.0010 285 888 412 1060
Specimen 0.0010 -368 81 -50 518
Specimen 0.0010 -338 1 -42 330
Specimen 0.0010 1061 259 1265 623
Specimen 0.0010 377 1198 551 1340
Specimen 0.0010 1236 105 1466 540
Specimen 0.0010 187 1137 305 1227
Specimen 0.0010 371 1169 626 1464
Specimen 0.0010 731 280 1021 717
