Label 0.8434 629 1287 1083 1659
Label 0.6453 826 4 1069 115
Label 0.2814 -10 1650 236 1769
Label 0.0441 -18 3 211 34
Label 0.0345 852 2 1070 65
Label 0.0317 945 919 1092 1129
Label 0.0211 192 1606 1010 1785
Label 0.0180 871 14 1030 92
Label 0.0169 1068 957 1529 1642
Label 0.0167 -14 1602 183 1746
Label 0.0155 771 11 1053 176
Label 0.0142 1151 1112 1469 1514
Label 0.0138 689 1213 959 1319
Label 0.0137 -7 3 259 62
Label 0.0127 351 1540 1135 1728
Label 0.0126 829 -52 1102 222
Label 0.0120 -3 1 130 23
Label 0.0107 661 1285 1084 1390
Label 0.0101 796 1155 963 1245
Label 0.0099 1153 1537 1462 1752
Label 0.0097 1151 1322 1458 1792
Label 0.0091 736 1364 992 1584
Label 0.0089 -36 0 413 380
Label 0.0081 -152 -62 524 482
Label 0.0081 836 111 1111 574
Label 0.0076 1117 974 1480 1351
Label 0.0074 6 -9 361 135
Label 0.0073 -19 3 421 80
Label 0.0072 875 621 1720 1954
Label 0.0068 952 984 1081 1189
Label 0.0066 -2 0 380 31
Label 0.0065 576 5 1094 149
Label 0.0062 904 829 1077 1104
Label 0.0061 121 -26 1024 428
Label 0.0059 -3 9 173 160
Label 0.0058 15 1558 289 1728
Label 0.0058 142 -15 1031 175
Label 0.0057 418 1371 1073 1745
Label 0.0055 756 1204 925 1296
Label 0.0052 637 63 1115 605
Label 0.0051 915 943 1100 1241
Label 0.0049 958 820 1086 1032
Label 0.0049 670 1101 1033 1381
Label 0.0047 654 1262 964 1332
Label 0.0045 452 1149 605 1343
Label 0.0045 -24 36 195 288
Label 0.0044 -10 1421 155 1641
Label 0.0043 867 1 1247 134
Label 0.0043 850 275 1123 682
Label 0.0043 855 1035 1047 1219
Label 0.0042 865 17 1409 652
Label 0.0041 198 1243 1004 1648
Label 0.0039 -196 1121 576 1719
Label 0.0038 330 1004 476 1254
Label 0.0038 110 1363 783 1714
Label 0.0037 771 171 1186 773
Label 0.0035 382 1133 569 1382
Label 0.0034 837 49 1063 415
Label 0.0034 1163 1678 1467 1760
Label 0.0033 668 -351 1619 735
Label 0.0033 1088 805 1511 1239
Label 0.0033 736 861 1048 1196
Label 0.0033 49 1227 607 1631
Label 0.0033 808 1616 1437 1795
Label 0.0033 -42 -102 949 295
Label 0.0033 913 10 1312 378
Label 0.0033 697 -3 1095 292
Label 0.0032 894 10 1048 49
Label 0.0032 -130 342 489 1424
Label 0.0031 1170 457 1303 688
Label 0.0031 333 935 469 1172
Label 0.0031 942 1091 1104 1294
Label 0.0031 942 998 1207 1303
Label 0.0031 1037 106 1582 1158
Label 0.0031 242 1306 604 1608
Label 0.0031 936 310 1090 581
Label 0.0030 -336 1515 222 1876
Label 0.0030 768 1434 1513 1915
Label 0.0029 18 1574 987 1864
Label 0.0029 1168 587 1304 825
Label 0.0029 935 166 1087 442
Label 0.0029 120 562 768 1452
Label 0.0029 504 0 833 30
Label 0.0029 997 813 1115 1006
Label 0.0028 1019 585 1572 1468
Label 0.0028 390 17 1047 316
Label 0.0028 1162 264 1299 484
Label 0.0028 -333 1668 238 1779
Label 0.0028 -261 1602 138 1762
Label 0.0027 878 1356 1392 1769
Label 0.0027 337 1071 609 1420
Label 0.0027 420 -284 1898 1950
Label 0.0026 909 767 1193 1283
Label 0.0026 10 453 1160 1823
Label 0.0026 791 1134 1461 1708
Label 0.0026 425 1061 631 1318
Label 0.0025 623 1185 1038 1482
Label 0.0025 683 734 1088 1298
Label 0.0025 272 950 855 1392
Label 0.0025 755 384 1500 1408
Label 0.0025 444 0 1060 98
Label 0.0025 50 38 508 305
Label 0.0023 17 99 256 374
Label 0.0023 103 1058 1082 1752
Label 0.0023 33 802 217 1059
Label 0.0023 -580 270 151 1486
Label 0.0022 -1 1490 122 1682
Label 0.0022 1194 1494 1545 1836
Label 0.0022 553 36 930 281
Label 0.0022 995 869 1108 1102
Label 0.0022 222 1451 459 1623
Label 0.0022 -222 56 236 281
Label 0.0021 874 50 1029 158
Label 0.0021 557 1062 956 1310
Label 0.0021 -46 1627 425 1807
Label 0.0021 979 972 1086 1102
Label 0.0021 241 936 439 1192
Label 0.0021 385 4 857 80
Label 0.0020 741 1124 986 1301
Label 0.0020 942 442 1090 718
Label 0.0020 -4 1145 169 1373
Label 0.0020 1162 724 1304 965
Label 0.0020 1137 794 1302 1051
Label 0.0020 157 956 377 1186
Label 0.0019 -62 1445 220 1803
Label 0.0019 969 753 1134 1073
Label 0.0019 -100 1367 134 1681
Label 0.0019 559 448 1194 1529
Label 0.0019 111 81 423 428
Label 0.0019 766 127 1004 500
Label 0.0019 1101 479 1256 687
Label 0.0019 854 719 1111 1157
Label 0.0019 27 243 219 530
Label 0.0018 19 1323 257 1594
Label 0.0018 1176 741 1409 1112
Label 0.0018 961 673 1091 904
Label 0.0018 1196 1133 1423 1380
Label 0.0018 12 1476 112 1616
Label 0.0018 18 14 166 58
Label 0.0018 258 875 436 1105
Label 0.0018 710 1317 1098 1373
Label 0.0017 641 38 838 320
Label 0.0017 810 1096 1010 1251
Label 0.0017 93 867 313 1140
Label 0.0017 383 1000 540 1254
Label 0.0017 -426 1075 322 2290
Label 0.0017 -196 -89 330 270
Label 0.0017 1156 1073 1295 1299
Label 0.0017 1005 738 1108 961
Label 0.0017 -356 -177 141 365
Label 0.0017 1000 1004 1113 1226
Label 0.0017 479 1095 587 1258
Label 0.0017 1093 606 1256 828
Label 0.0017 -18 666 166 906
Label 0.0017 22 723 241 980
Label 0.0016 1198 310 1430 576
Label 0.0016 -98 48 110 319
Label 0.0016 -225 16 251 179
Label 0.0016 665 107 973 367
Label 0.0016 -50 1368 387 1786
Label 0.0016 437 43 791 285
Label 0.0016 237 1499 431 1676
Label 0.0016 1156 934 1299 1166
Label 0.0016 667 1314 1092 1440
Label 0.0016 1144 1139 1292 1385
Label 0.0016 -42 -353 709 481
Label 0.0016 1009 1200 1579 2105
Label 0.0016 1194 148 1432 455
Label 0.0015 1201 994 1417 1246
Label 0.0015 1101 352 1257 550
Label 0.0015 1139 1728 1482 1768
Label 0.0015 1328 718 1498 992
Label 0.0015 80 3 615 88
Label 0.0015 -11 312 167 569
Label 0.0015 767 276 996 627
Label 0.0015 -186 1332 19 1608
Label 0.0014 1100 190 1250 438
Label 0.0014 -201 5 244 73
Label 0.0014 -15 460 157 700
Label 0.0014 921 990 1058 1137
Label 0.0014 488 902 981 1421
Label 0.0014 1236 819 1454 1166
Label 0.0014 0 1585 259 1837
Label 0.0014 104 9 587 163
Label 0.0014 22 77 582 577
Label 0.0014 1127 1465 1355 1732
Label 0.0014 256 53 694 278
Label 0.0014 1334 589 1495 854
Label 0.0014 621 13 886 186
Label 0.0014 848 10 992 43
Label 0.0013 1077 724 1247 987
Label 0.0013 597 733 1354 1780
Label 0.0013 -43 182 202 435
Label 0.0013 855 425 1047 738
Label 0.0013 1154 1415 1312 1660
Label 0.0013 -264 1179 -11 1488
Label 0.0013 842 -113 1354 267
Label 0.0013 1100 1072 1327 1430
Label 0.0013 1156 107 1286 393
Label 0.0013 1351 980 1491 1250
Label 0.0013 832 825 1381 1493
Label 0.0013 147 879 392 1096
Label 0.0013 1352 844 1489 1116
Label 0.0013 524 -180 1217 497
Label 0.0013 649 1004 1245 1556
Label 0.0013 1052 1683 1427 1780
Label 0.0013 1147 1254 1289 1543
Label 0.0013 887 20 1113 297
Label 0.0013 -345 948 -85 1324
Label 0.0013 966 622 1096 820
Label 0.0013 -24 1261 181 1529
Label 0.0012 658 1493 1234 1907
Label 0.0012 -167 1199 26 1438
Label 0.0012 -340 817 -85 1181
Label 0.0012 -1 568 271 858
Label 0.0012 -347 1144 -85 1536
Label 0.0012 78 203 323 559
Label 0.0012 1317 1047 1510 1340
Label 0.0012 47 1657 205 1742
Label 0.0012 991 903 1089 1037
Label 0.0012 1008 397 1126 627
Label 0.0012 813 1017 937 1137
Label 0.0012 194 92 624 371
Label 0.0012 985 799 1086 935
Label 0.0012 -234 594 -12 820
Label 0.0011 -240 1476 -34 1737
Label 0.0011 1327 1679 1520 1776
Label 0.0011 370 0 695 29
Label 0.0011 110 716 289 991
Label 0.0011 1359 507 1491 776
Label 0.0011 -164 1008 29 1230
Label 0.0011 361 45 591 329
Label 0.0011 1006 673 1127 882
Label 0.0011 311 1127 498 1405
Label 0.0011 -298 1454 -126 1756
Label 0.0011 264 1388 538 1654
Label 0.0011 31 437 212 734
Label 0.0011 940 537 1100 885
Label 0.0011 -164 877 29 1094
Label 0.0011 -289 -423 438 517
Label 0.0011 1002 345 1137 542
Label 0.0011 468 1011 611 1246
Label 0.0011 517 1400 717 1685
Label 0.0011 549 103 815 357
Label 0.0011 644 1094 1292 2272
Label 0.0011 -334 537 -88 916
Label 0.0011 936 5 1060 38
Label 0.0011 883 721 1052 984
Label 0.0010 -230 1135 -18 1372
Label 0.0010 1075 854 1246 1130
Label 0.0010 -251 806 675 2258
Label 0.0010 -227 945 -16 1157
Label 0.0010 998 843 1077 958
Label 0.0010 -336 664 -85 1056
Label 0.0010 1170 547 1247 639
Label 0.0010 284 1157 528 1528
Label 0.0010 319 889 484 1093
Label 0.0010 -173 523 32 763
Label 0.0010 242 1260 836 1530
Label 0.0010 1007 474 1138 682
Label 0.0010 781 905 1145 1376
Label 0.0010 1102 1180 1328 1587
Label 0.0010 76 1394 333 1648
Label 0.0010 1171 478 1247 570
Label 0.0010 518 1107 606 1240
Label 0.0010 1170 512 1248 607
Label 0.0010 -173 743 36 955
Label 0.0010 1080 998 1245 1260
Label 0.0010 999 184 1132 432
Label 0.0010 -95 6 130 196
Barcode 0.6835 807 1150 938 1209
Barcode 0.0473 -16 1654 209 1761
Barcode 0.0318 849 1157 955 1205
Barcode 0.0204 667 1684 1083 1743
Barcode 0.0125 687 1658 1086 1723
Barcode 0.0083 1066 -13 1537 669
Barcode 0.0075 1157 11 1452 162
Barcode 0.0074 1119 147 1473 547
Barcode 0.0066 336 1677 501 1716
Barcode 0.0064 -367 1063 156 1536
Barcode 0.0061 -471 621 289 1717
Barcode 0.0060 132 1652 256 1689
Barcode 0.0059 -327 1647 203 1773
Barcode 0.0054 -32 1659 576 1769
Barcode 0.0050 -306 14 57 152
Barcode 0.0049 1228 1085 1527 1540
Barcode 0.0049 -296 38 60 386
Barcode 0.0048 914 567 1377 947
Barcode 0.0048 -379 802 182 1259
Barcode 0.0047 958 121 1293 555
Barcode 0.0047 -322 1216 110 1651
Barcode 0.0045 780 1674 1004 1716
Barcode 0.0044 907 689 1284 1100
Barcode 0.0043 951 280 1315 688
Barcode 0.0042 1068 603 1519 930
Barcode 0.0041 -485 949 31 1391
Barcode 0.0041 1076 485 1518 788
Barcode 0.0041 -118 1210 485 1647
Barcode 0.0040 -445 -161 82 593
Barcode 0.0040 -354 237 158 750
Barcode 0.0040 -323 91 112 608
Barcode 0.0040 109 912 774 1435
Barcode 0.0040 947 436 1348 810
Barcode 0.0038 -419 54 231 1180
Barcode 0.0038 -91 88 455 572
Barcode 0.0038 1165 744 1616 1564
Barcode 0.0038 149 27 976 635
Barcode 0.0037 1231 967 1541 1382
Barcode 0.0034 1088 332 1504 666
Barcode 0.0033 -373 485 164 1040
Barcode 0.0032 1062 681 1524 1107
Barcode 0.0032 -387 1605 -58 1813
Barcode 0.0032 668 1661 1177 1782
Barcode 0.0031 697 256 1083 706
Barcode 0.0030 -53 718 425 1104
Barcode 0.0029 872 1066 1379 1521
Barcode 0.0028 727 1674 945 1707
Barcode 0.0027 -419 1375 -21 1775
Barcode 0.0027 -109 997 492 1365
Barcode 0.0026 -269 353 360 901
Barcode 0.0026 -466 1222 34 1882
Barcode 0.0026 -240 629 342 1156
Barcode 0.0026 -36 1056 659 1572
Barcode 0.0025 862 409 1130 818
Barcode 0.0025 1196 788 1561 1282
Barcode 0.0025 45 4 201 25
Barcode 0.0025 -487 383 46 873
Barcode 0.0024 -63 881 462 1216
Barcode 0.0024 198 819 698 1221
Barcode 0.0023 1137 218 1684 1308
Barcode 0.0021 -486 641 47 1155
Barcode 0.0020 65 1234 907 2176
Barcode 0.0020 287 1416 931 2013
Barcode 0.0018 602 1683 697 1734
Barcode 0.0017 262 1670 452 1720
Barcode 0.0017 234 1690 588 1776
Barcode 0.0015 1181 -192 1592 372
Barcode 0.0012 146 1663 231 1698
Barcode 0.0011 754 1106 932 1226
Color Chart 0.3716 695 1680 1055 1711
Color Chart 0.2407 200 1645 998 1750
Color Chart 0.1772 284 1688 574 1709
Color Chart 0.0318 688 1706 1052 1751
Color Chart 0.0195 357 1687 496 1706
Color Chart 0.0162 245 1684 665 1715
Color Chart 0.0156 168 1686 780 1761
Color Chart 0.0147 429 1649 763 1756
Color Chart 0.0136 388 1674 1113 1757
Color Chart 0.0117 799 1688 954 1699
Color Chart 0.0105 559 1685 741 1735
Color Chart 0.0105 829 1680 1089 1706
Color Chart 0.0089 202 1711 594 1761
Color Chart 0.0088 540 1670 1004 1716
Color Chart 0.0082 276 1603 1077 1796
Color Chart 0.0078 294 1687 430 1698
Color Chart 0.0071 1093 -51 1530 467
Color Chart 0.0069 521 1667 827 1750
Color Chart 0.0067 -118 -241 1286 865
Color Chart 0.0067 -36 1660 440 1778
Color Chart 0.0067 -851 345 745 2195
Color Chart 0.0065 858 1687 1007 1698
Color Chart 0.0064 756 1673 981 1708
Color Chart 0.0062 206 1681 463 1706
Color Chart 0.0061 -484 862 299 1751
Color Chart 0.0058 -351 332 1276 1968
Color Chart 0.0053 470 -120 1286 781
Color Chart 0.0053 110 1657 281 1690
Color Chart 0.0053 731 -343 1862 1008
Color Chart 0.0051 -247 -276 649 646
Color Chart 0.0051 738 1685 878 1705
Color Chart 0.0050 777 362 1806 1929
Color Chart 0.0045 -36 1656 177 1750
Color Chart 0.0044 45 683 832 1621
Color Chart 0.0043 -572 478 148 1547
Color Chart 0.0042 830 1690 983 1701
Color Chart 0.0040 -900 -444 529 1137
Color Chart 0.0040 415 -344 1921 1757
Color Chart 0.0039 -172 1673 243 1755
Color Chart 0.0038 -708 -180 864 1638
Color Chart 0.0035 -183 864 595 1723
Color Chart 0.0035 789 245 1516 1276
Color Chart 0.0034 -494 -100 85 782
Color Chart 0.0033 -377 142 480 1342
Color Chart 0.0033 603 1689 707 1730
Color Chart 0.0032 758 1682 994 1724
Color Chart 0.0030 317 399 1158 1598
Color Chart 0.0029 39 863 359 1251
Color Chart 0.0029 661 900 1617 1923
Color Chart 0.0027 907 1672 1075 1702
Color Chart 0.0026 151 1655 237 1689
Color Chart 0.0026 -737 920 339 2451
Color Chart 0.0025 95 -420 1121 549
Color Chart 0.0023 286 1663 766 1731
Color Chart 0.0023 96 941 319 1206
Color Chart 0.0023 -267 1097 384 1757
Color Chart 0.0022 191 1001 473 1368
Color Chart 0.0021 284 1682 493 1732
Color Chart 0.0019 14 995 289 1239
Color Chart 0.0019 891 1680 1035 1693
Color Chart 0.0019 264 1682 395 1694
Color Chart 0.0017 -64 1072 704 1953
Color Chart 0.0016 936 1675 1052 1693
Color Chart 0.0016 70 1662 614 1733
Color Chart 0.0015 818 1674 1029 1718
Color Chart 0.0015 139 1677 383 1728
Color Chart 0.0014 -532 -718 414 846
Color Chart 0.0012 22 1055 238 1368
Color Chart 0.0012 759 1118 976 1302
Color Chart 0.0012 634 1649 1039 1693
Color Chart 0.0012 84 4 235 18
Color Chart 0.0011 286 1683 434 1708
Color Chart 0.0011 232 1675 351 1696
Color Chart 0.0010 976 1677 1081 1734
Color Chart 0.0010 70 0 450 30
Scale 0.1870 186 1647 1036 1764
Scale 0.0059 211 1546 1032 1720
Scale 0.0058 1170 924 1590 1658
Scale 0.0050 253 1602 1072 1828
Scale 0.0038 64 -2 1049 619
Scale 0.0031 1198 -81 1547 505
Scale 0.0028 -169 11 517 919
Scale 0.0021 1095 184 1327 554
Scale 0.0020 146 992 388 1283
Scale 0.0017 1125 66 1453 530
Scale 0.0013 1099 1007 1326 1363
Scale 0.0013 1102 57 1330 403
Scale 0.0012 1074 123 1265 487
Specimen 0.7816 485 332 700 1128
Specimen 0.7517 265 448 421 932
Specimen 0.7388 746 695 871 871
Specimen 0.0260 424 294 857 1140
Specimen 0.0217 722 660 923 893
Specimen 0.0123 1156 1207 1483 1715
Specimen 0.0119 167 360 644 1080
Specimen 0.0095 1156 44 1455 365
Specimen 0.0071 491 662 675 1005
Specimen 0.0061 619 645 846 990
Specimen 0.0057 540 536 665 1110
Specimen 0.0054 510 273 700 800
Specimen 0.0040 91 505 417 965
Specimen 0.0039 -296 -1 -7 143
Specimen 0.0039 284 960 510 1283
Specimen 0.0035 524 487 770 1058
Specimen 0.0035 488 590 636 1175
Specimen 0.0033 566 540 883 1114
Specimen 0.0032 -139 275 817 1457
Specimen 0.0032 -67 229 427 1001
Specimen 0.0031 492 640 981 1353
Specimen 0.0029 -230 -47 221 394
Specimen 0.0029 1126 575 1446 1116
Specimen 0.0029 1153 478 1291 702
Specimen 0.0029 400 341 636 1075
Specimen 0.0028 1146 605 1300 838
Specimen 0.0027 357 1033 589 1337
Specimen 0.0026 -345 -4 707 1225
Specimen 0.0026 -157 1659 208 1749
Specimen 0.0026 536 809 912 1214
Specimen 0.0026 649 423 849 885
Specimen 0.0025 -414 565 3 1254
Specimen 0.0025 -261 44 -2 406
Specimen 0.0024 102 871 418 1239
Specimen 0.0024 1103 515 1321 905
Specimen 0.0024 -403 807 -14 1420
Specimen 0.0023 1157 340 1284 572
Specimen 0.0023 461 118 965 839
Specimen 0.0023 1209 -8 1469 146
Specimen 0.0023 753 795 862 907
Specimen 0.0023 527 -19 954 360
Specimen 0.0023 1105 396 1313 756
Specimen 0.0023 -50 902 309 1339
Specimen 0.0022 60 -13 588 369
Specimen 0.0022 36 793 361 1180
Specimen 0.0022 524 898 617 1102
Specimen 0.0022 1142 729 1302 981
Specimen 0.0022 2 814 142 1052
Specimen 0.0021 37 945 228 1201
Specimen 0.0021 79 122 529 852
Specimen 0.0021 814 646 1094 938
Specimen 0.0021 1189 580 1397 880
Specimen 0.0021 1185 691 1402 1032
Specimen 0.0021 1188 451 1396 745
Specimen 0.0021 106 640 541 1098
Specimen 0.0021 1096 469 1248 707
Specimen 0.0021 1080 678 1353 1143
Specimen 0.0021 1227 1675 1478 1772
Specimen 0.0020 233 999 457 1240
Specimen 0.0020 -261 1516 127 1822
Specimen 0.0020 -7 1147 143 1401
Specimen 0.0019 129 1039 530 1585
Specimen 0.0019 1126 304 1436 717
Specimen 0.0019 439 667 743 1289
Specimen 0.0019 745 824 831 884
Specimen 0.0019 -56 -60 978 1025
Specimen 0.0019 -18 743 276 1090
Specimen 0.0018 1137 1056 1449 1453
Specimen 0.0018 1120 141 1448 597
Specimen 0.0018 -311 397 22 1024
Specimen 0.0018 161 943 387 1165
Specimen 0.0018 -1 956 144 1198
Specimen 0.0018 1248 652 1444 936
Specimen 0.0018 1086 595 1249 846
Specimen 0.0018 722 63 1046 530
Specimen 0.0017 1101 338 1246 569
Specimen 0.0017 -14 252 154 520
Specimen 0.0017 1128 806 1445 1291
Specimen 0.0017 -13 744 169 973
Specimen 0.0017 -79 656 203 1041
Specimen 0.0017 -98 158 216 578
Specimen 0.0017 1201 378 1425 641
Specimen 0.0017 -271 -37 116 251
Specimen 0.0017 -399 1036 -19 1592
Specimen 0.0017 -307 1663 -88 1784
Specimen 0.0016 -294 -20 156 105
Specimen 0.0016 1183 1157 1413 1523
Specimen 0.0016 511 775 628 1092
Specimen 0.0016 -286 81 10 659
Specimen 0.0016 -92 512 209 909
Specimen 0.0016 -257 573 88 1122
Specimen 0.0016 -7 886 177 1101
Specimen 0.0015 -10 659 142 923
Specimen 0.0015 -250 324 79 830
Specimen 0.0015 236 299 986 1674
Specimen 0.0015 1274 578 1451 841
Specimen 0.0015 -394 268 -15 878
Specimen 0.0015 -186 1644 251 1801
Specimen 0.0015 1302 964 1520 1407
Specimen 0.0015 -87 1059 196 1441
Specimen 0.0015 1181 979 1401 1289
Specimen 0.0014 -87 374 202 773
Specimen 0.0014 1295 628 1521 1061
Specimen 0.0014 -238 1185 71 1593
Specimen 0.0014 332 -1 742 341
Specimen 0.0014 -21 526 160 773
Specimen 0.0014 0 1059 304 1309
Specimen 0.0014 13 1126 237 1432
Specimen 0.0014 1087 850 1341 1247
Specimen 0.0014 -239 61 220 683
Specimen 0.0014 721 465 885 869
Specimen 0.0014 1146 -16 1318 118
Specimen 0.0014 764 417 1187 1103
Specimen 0.0014 43 78 476 511
Specimen 0.0013 -182 1020 26 1247
Specimen 0.0013 1070 261 1261 625
Specimen 0.0013 -90 787 204 1183
Specimen 0.0013 -48 1112 308 1519
Specimen 0.0013 -182 464 14 723
Specimen 0.0013 -187 144 9 506
Specimen 0.0013 666 301 950 843
Specimen 0.0013 -251 557 -22 883
Specimen 0.0013 -187 1217 25 1452
Specimen 0.0013 1249 1035 1463 1366
Specimen 0.0013 153 1044 413 1305
Specimen 0.0013 -179 883 21 1114
Specimen 0.0013 1301 507 1515 912
Specimen 0.0013 -182 606 14 852
Specimen 0.0013 -252 415 -19 760
Specimen 0.0013 -236 907 70 1327
Specimen 0.0013 535 853 662 1108
Specimen 0.0013 679 706 830 886
Specimen 0.0012 584 597 1117 1169
Specimen 0.0012 -303 1589 -91 1761
Specimen 0.0012 409 1588 1089 1871
Specimen 0.0012 518 728 658 951
Specimen 0.0012 -181 736 16 989
Specimen 0.0012 1294 228 1524 653
Specimen 0.0012 -243 1053 78 1453
Specimen 0.0012 -254 914 -14 1210
Specimen 0.0012 1172 -10 1427 234
Specimen 0.0012 -213 1343 56 1704
Specimen 0.0012 494 887 629 1169
Specimen 0.0012 287 473 517 1045
Specimen 0.0011 -351 1288 -66 1746
Specimen 0.0011 -13 381 145 658
Specimen 0.0011 1302 384 1514 769
Specimen 0.0011 -25 430 289 856
Specimen 0.0011 1272 446 1459 704
Specimen 0.0011 1355 444 1492 706
Specimen 0.0011 -247 277 0 594
Specimen 0.0011 -220 429 198 994
Specimen 0.0011 -195 7 38 216
Specimen 0.0011 495 61 1512 1408
Specimen 0.0011 1051 656 1270 1034
Specimen 0.0011 1304 1159 1511 1506
Specimen 0.0010 -256 759 -19 1090
Specimen 0.0010 163 1179 521 1470
Specimen 0.0010 -343 1521 -194 1793
Specimen 0.0010 210 89 588 497
Specimen 0.0010 651 146 980 590
Specimen 0.0010 744 662 1019 1156
Specimen 0.0010 -79 947 104 1197
Specimen 0.0010 -26 219 283 649
Specimen 0.0010 -420 513 -102 1036
Specimen 0.0010 834 372 1073 765
