Label 0.8180 725 1395 1081 1641
Label 0.7386 868 17 1070 126
Label 0.1630 -15 1652 234 1768
Label 0.1274 867 7 1070 67
Label 0.0416 776 1429 1039 1593
Label 0.0220 234 1630 978 1739
Label 0.0168 -31 1597 194 1753
Label 0.0135 791 1279 991 1375
Label 0.0124 895 46 1049 157
Label 0.0119 1074 -6 1532 658
Label 0.0115 1072 942 1530 1654
Label 0.0104 865 -51 1111 221
Label 0.0100 1153 1536 1464 1753
Label 0.0098 1146 1100 1472 1527
Label 0.0080 1152 1342 1452 1786
Label 0.0078 802 12 1056 269
Label 0.0077 853 83 1095 533
Label 0.0074 794 1346 1081 1408
Label 0.0069 1118 985 1487 1350
Label 0.0068 1063 167 1544 1077
Label 0.0056 766 1314 923 1379
Label 0.0054 635 1321 1084 1733
Label 0.0051 12 1574 294 1725
Label 0.0049 783 -5 1086 103
Label 0.0046 1103 832 1495 1225
Label 0.0045 1038 571 1562 1470
Label 0.0045 94 -2 820 135
Label 0.0041 864 1370 1075 1423
Label 0.0041 1160 1675 1471 1758
Label 0.0039 -161 -107 526 523
Label 0.0039 -261 1602 145 1766
Label 0.0038 648 40 1096 594
Label 0.0037 745 1262 1008 1439
Label 0.0036 -303 -266 420 417
Label 0.0034 141 -13 1007 398
Label 0.0033 -318 1518 213 1862
Label 0.0032 896 21 1295 327
Label 0.0031 -337 1661 248 1775
Label 0.0031 -3 5 139 185
Label 0.0030 744 1180 1479 1680
Label 0.0029 1158 393 1300 621
Label 0.0028 387 1 1053 127
Label 0.0027 237 1473 990 1763
Label 0.0027 838 -59 1412 443
Label 0.0026 1193 375 1427 644
Label 0.0026 1155 247 1297 492
Label 0.0026 1142 604 1303 834
Label 0.0026 771 48 997 452
Label 0.0026 1160 522 1300 757
Label 0.0025 791 1614 1450 1796
Label 0.0025 30 1229 611 1636
Label 0.0025 679 -367 1605 743
Label 0.0024 1193 503 1427 781
Label 0.0024 1193 1501 1539 1832
Label 0.0024 794 1393 1420 1734
Label 0.0024 524 1648 1165 1762
Label 0.0023 918 1338 1072 1431
Label 0.0023 875 14 1024 48
Label 0.0023 666 0 995 35
Label 0.0023 387 1293 1025 1634
Label 0.0023 21 1579 993 1861
Label 0.0022 558 -169 1205 535
Label 0.0022 -391 1251 217 1876
Label 0.0022 -167 932 33 1164
Label 0.0022 229 716 937 1555
Label 0.0021 1143 736 1304 973
Label 0.0021 1161 938 1299 1163
Label 0.0020 1190 223 1429 518
Label 0.0020 493 0 840 28
Label 0.0020 1174 628 1417 956
Label 0.0019 1000 869 1611 1962
Label 0.0019 283 1442 947 1635
Label 0.0019 743 1133 1531 2224
Label 0.0019 -70 -120 734 293
Label 0.0019 -69 1461 218 1802
Label 0.0019 -88 984 718 1591
Label 0.0018 -232 793 -10 1040
Label 0.0018 108 0 724 80
Label 0.0018 -414 1107 314 2260
Label 0.0018 911 50 1077 423
Label 0.0017 -231 666 -14 897
Label 0.0017 1193 1114 1431 1396
Label 0.0017 1171 739 1418 1112
Label 0.0017 1136 1726 1485 1769
Label 0.0017 29 99 220 400
Label 0.0017 1157 1131 1295 1373
Label 0.0017 23 -2 229 170
Label 0.0017 1196 926 1431 1179
Label 0.0016 -279 1090 358 1763
Label 0.0016 -133 29 164 176
Label 0.0016 128 998 1073 1834
Label 0.0016 920 1362 1070 1409
Label 0.0016 -25 42 175 296
Label 0.0016 1141 1009 1303 1249
Label 0.0015 505 30 713 336
Label 0.0015 -12 104 149 391
Label 0.0015 -4 1435 636 1736
Label 0.0015 -174 724 31 972
Label 0.0015 -83 1384 1029 1787
Label 0.0014 865 1310 979 1363
Label 0.0014 -92 1066 77 1298
Label 0.0014 1122 1462 1359 1731
Label 0.0014 495 1131 972 1502
Label 0.0014 78 76 318 417
Label 0.0014 -9 824 398 1441
Label 0.0014 95 33 456 295
Label 0.0014 519 1532 1210 1846
Label 0.0014 567 -2 1072 84
Label 0.0014 378 5 858 80
Label 0.0014 726 1638 1183 1829
Label 0.0013 -47 1508 80 1681
Label 0.0013 1154 94 1287 408
Label 0.0013 1090 528 1246 777
Label 0.0013 1141 1199 1298 1463
Label 0.0013 1347 571 1490 844
Label 0.0013 1097 395 1244 642
Label 0.0013 -296 1459 -127 1757
Label 0.0013 1345 437 1489 707
Label 0.0013 -18 1502 140 1695
Label 0.0013 920 1250 1092 1423
Label 0.0013 -173 1468 33 1746
Label 0.0013 568 37 918 287
Label 0.0012 6 34 102 140
Label 0.0012 -180 68 198 280
Label 0.0012 -24 393 163 628
Label 0.0012 1095 249 1249 515
Label 0.0012 -184 615 28 839
Label 0.0012 521 -27 1781 1489
Label 0.0012 -7 1582 256 1836
Label 0.0012 1147 1416 1322 1659
Label 0.0012 334 -85 1097 260
Label 0.0012 668 95 968 378
Label 0.0012 857 236 1057 504
Label 0.0012 0 0 103 27
Label 0.0012 -60 1396 393 1791
Label 0.0012 1263 572 1459 850
Label 0.0012 1318 650 1506 925
Label 0.0012 437 39 645 328
Label 0.0011 -242 526 -6 764
Label 0.0011 -99 1160 79 1372
Label 0.0011 1319 1676 1528 1778
Label 0.0011 345 50 738 275
Label 0.0011 784 224 986 525
Label 0.0011 1353 916 1490 1180
Label 0.0011 797 1358 1204 1581
Label 0.0011 735 1073 1108 1543
Label 0.0011 -43 169 196 445
Label 0.0010 1312 779 1513 1064
Label 0.0010 681 1435 1264 1973
Label 0.0010 -258 384 5 630
Label 0.0010 1347 1039 1491 1323
Label 0.0010 365 42 579 322
Label 0.0010 -265 1380 -22 1695
Label 0.0010 933 1414 1132 1618
Label 0.0010 -205 -26 60 112
Label 0.0010 1 1530 67 1641
Label 0.0010 -25 1323 169 1597
Label 0.0010 -73 1426 86 1651
Label 0.0010 1078 653 1248 922
Label 0.0010 684 -1 959 187
Label 0.0010 71 -4 493 162
Label 0.0010 835 1468 997 1561
Label 0.0010 199 43 610 275
Label 0.0010 -191 1308 38 1636
Label 0.0010 -36 -19 189 107
Label 0.0010 -110 1328 108 1591
Label 0.0010 579 -41 1052 229
Label 0.0010 574 91 767 397
Barcode 0.7815 792 1299 939 1361
Barcode 0.0632 -10 1669 214 1758
Barcode 0.0100 1129 121 1470 558
Barcode 0.0081 1111 319 1492 664
Barcode 0.0076 1100 466 1501 795
Barcode 0.0071 -315 1647 206 1767
Barcode 0.0067 1141 11 1460 167
Barcode 0.0067 661 1683 1084 1748
Barcode 0.0066 -299 18 61 158
Barcode 0.0058 605 1665 1056 1729
Barcode 0.0054 -487 -259 116 691
Barcode 0.0051 -54 -13 414 163
Barcode 0.0050 -428 41 35 390
Barcode 0.0050 -506 838 69 1238
Barcode 0.0050 1090 578 1505 954
Barcode 0.0046 -70 6 442 410
Barcode 0.0045 -51 1669 621 1772
Barcode 0.0044 958 434 1351 812
Barcode 0.0044 -501 990 72 1370
Barcode 0.0044 810 288 1171 688
Barcode 0.0043 1216 1066 1529 1563
Barcode 0.0042 964 300 1344 671
Barcode 0.0040 959 102 1327 569
Barcode 0.0038 -388 1611 -60 1811
Barcode 0.0037 36 -4 627 139
Barcode 0.0037 -520 694 76 1112
Barcode 0.0036 1069 -150 1539 342
Barcode 0.0036 876 1089 1389 1514
Barcode 0.0036 1168 692 1617 1616
Barcode 0.0035 -175 262 534 732
Barcode 0.0033 401 111 1038 575
Barcode 0.0033 -540 117 86 603
Barcode 0.0033 118 1652 264 1690
Barcode 0.0032 919 973 1369 1364
Barcode 0.0032 -420 1402 -5 1767
Barcode 0.0031 -481 1248 55 1651
Barcode 0.0031 -501 1119 77 1518
Barcode 0.0028 1183 83 1616 1158
Barcode 0.0026 -350 279 412 978
Barcode 0.0026 1196 817 1568 1274
Barcode 0.0026 -25 1079 659 1533
Barcode 0.0025 -414 1025 257 1854
Barcode 0.0025 -73 1219 410 1655
Barcode 0.0023 -466 256 280 740
Barcode 0.0022 281 902 887 1411
Barcode 0.0021 358 1398 980 2052
Barcode 0.0021 -548 378 90 876
Barcode 0.0021 843 939 1101 1389
Barcode 0.0020 605 34 1143 888
Barcode 0.0020 598 1685 694 1736
Barcode 0.0020 763 1650 1117 1729
Barcode 0.0019 -513 134 361 1388
Barcode 0.0019 -423 526 245 1027
Barcode 0.0018 147 1652 222 1694
Barcode 0.0017 130 982 521 1343
Barcode 0.0016 41 984 373 1331
Barcode 0.0016 -292 78 367 627
Barcode 0.0015 -243 978 291 1376
Barcode 0.0015 41 1250 930 2164
Barcode 0.0014 837 529 1386 1029
Barcode 0.0014 198 1680 515 1770
Barcode 0.0013 826 772 1420 1304
Barcode 0.0013 10 1616 381 1761
Barcode 0.0012 762 1269 919 1344
Barcode 0.0011 726 1671 941 1703
Barcode 0.0010 702 1677 885 1714
Color Chart 0.2747 196 1647 997 1751
Color Chart 0.1666 270 1684 590 1707
Color Chart 0.1194 694 1679 1062 1708
Color Chart 0.0611 229 1683 572 1724
Color Chart 0.0558 589 1678 1022 1720
Color Chart 0.0537 6 1649 206 1763
Color Chart 0.0285 153 1684 799 1759
Color Chart 0.0285 415 1677 1087 1756
Color Chart 0.0232 214 1684 456 1706
Color Chart 0.0198 286 1623 1072 1801
Color Chart 0.0185 445 1649 741 1757
Color Chart 0.0155 327 1686 468 1701
Color Chart 0.0144 359 1682 500 1704
Color Chart 0.0135 296 1686 426 1698
Color Chart 0.0132 562 1688 730 1733
Color Chart 0.0090 215 1708 638 1754
Color Chart 0.0079 525 1672 824 1747
Color Chart 0.0074 260 1670 724 1719
Color Chart 0.0072 98 1656 291 1691
Color Chart 0.0070 801 1685 948 1698
Color Chart 0.0070 769 -373 1829 1043
Color Chart 0.0070 262 1684 390 1695
Color Chart 0.0063 -536 586 135 1461
Color Chart 0.0062 -146 1668 221 1754
Color Chart 0.0060 -58 1662 475 1779
Color Chart 0.0056 -974 -614 618 1031
Color Chart 0.0053 -1097 216 723 1837
Color Chart 0.0053 295 1672 486 1719
Color Chart 0.0052 137 1696 578 1768
Color Chart 0.0048 736 1686 876 1711
Color Chart 0.0047 861 1685 1004 1697
Color Chart 0.0045 -501 -185 894 1116
Color Chart 0.0045 -561 -163 144 838
Color Chart 0.0044 149 -239 1318 880
Color Chart 0.0043 908 627 1691 1943
Color Chart 0.0038 838 1675 1078 1704
Color Chart 0.0036 150 1656 235 1689
Color Chart 0.0036 229 1679 348 1695
Color Chart 0.0036 439 1690 780 1740
Color Chart 0.0036 -910 748 544 2370
Color Chart 0.0035 670 1713 1059 1746
Color Chart 0.0034 870 -18 1420 687
Color Chart 0.0034 -545 1021 138 1832
Color Chart 0.0032 829 136 1485 1088
Color Chart 0.0031 -578 279 160 1221
Color Chart 0.0030 -564 600 982 1946
Color Chart 0.0029 38 512 1175 1765
Color Chart 0.0029 764 205 2101 2079
Color Chart 0.0029 128 1668 398 1703
Color Chart 0.0028 -320 -685 760 795
Color Chart 0.0027 -317 -208 413 622
Color Chart 0.0025 990 1679 1070 1736
Color Chart 0.0025 837 781 1458 1535
Color Chart 0.0022 617 408 1418 1856
Color Chart 0.0020 -147 934 813 1882
Color Chart 0.0019 587 1683 931 1743
Color Chart 0.0019 -241 551 686 1715
Color Chart 0.0019 -228 926 -5 1171
Color Chart 0.0019 577 1707 682 1745
Color Chart 0.0019 479 1657 922 1720
Color Chart 0.0018 136 1674 396 1731
Color Chart 0.0017 203 1670 319 1700
Color Chart 0.0017 793 1671 1001 1716
Color Chart 0.0016 110 -446 1108 564
Color Chart 0.0016 701 1651 1039 1688
Color Chart 0.0015 827 1689 971 1700
Color Chart 0.0014 -3 1652 550 1731
Color Chart 0.0014 257 1680 389 1707
Color Chart 0.0013 -371 967 -54 1396
Color Chart 0.0013 230 1666 417 1723
Color Chart 0.0013 -248 456 -1 698
Color Chart 0.0013 -346 841 432 1736
Color Chart 0.0012 893 1676 1029 1693
Color Chart 0.0010 -291 1045 -80 1309
Color Chart 0.0010 48 1657 350 1742
Color Chart 0.0010 312 1682 524 1740
Color Chart 0.0010 43 1 405 28
Color Chart 0.0010 -293 914 -81 1170
Color Chart 0.0010 939 1681 1058 1724
Scale 0.1883 182 1644 1042 1764
Scale 0.0078 211 1554 1026 1721
Scale 0.0054 248 1600 1078 1836
Scale 0.0051 1167 892 1595 1687
Scale 0.0036 717 5 1259 937
Scale 0.0036 -188 35 535 900
Scale 0.0031 1193 -103 1578 766
Scale 0.0028 362 -9 1072 638
Scale 0.0024 1127 216 1455 660
Scale 0.0022 1106 182 1327 549
Scale 0.0020 1104 324 1327 687
Scale 0.0019 1106 524 1327 891
Scale 0.0018 1090 640 1347 1046
Scale 0.0017 -218 896 580 1661
Scale 0.0017 1101 864 1330 1233
Scale 0.0014 1101 1071 1330 1429
Scale 0.0013 1106 50 1330 408
Scale 0.0012 1069 101 1271 503
Scale 0.0011 1069 257 1267 627
Scale 0.0011 1064 466 1266 827
Scale 0.0010 -382 1163 -29 1606
Scale 0.0010 1054 -19 1276 345
Specimen 0.8352 790 491 1065 1283
Specimen 0.8183 107 539 349 1294
Specimen 0.7476 347 328 512 664
Specimen 0.7134 476 397 722 1116
Specimen 0.0385 489 854 717 1110
Specimen 0.0376 544 404 724 899
Specimen 0.0349 489 630 701 903
Specimen 0.0299 415 382 875 1157
Specimen 0.0164 376 313 596 688
Specimen 0.0113 465 646 662 1072
Specimen 0.0079 1152 39 1457 379
Specimen 0.0079 1153 1199 1482 1718
Specimen 0.0049 838 473 1086 840
Specimen 0.0047 337 331 656 1096
Specimen 0.0046 800 313 1125 953
Specimen 0.0045 370 395 511 586
Specimen 0.0045 13 518 578 1352
Specimen 0.0044 152 549 308 983
Specimen 0.0043 -104 1667 190 1766
Specimen 0.0041 -416 -113 789 1305
Specimen 0.0039 792 956 995 1349
Specimen 0.0039 -159 134 512 1066
Specimen 0.0038 223 281 650 807
Specimen 0.0036 737 693 1039 1555
Specimen 0.0033 -290 -7 -8 148
Specimen 0.0032 149 603 467 1339
Specimen 0.0031 -516 370 600 1583
Specimen 0.0027 733 14 1042 466
Specimen 0.0027 2 -12 631 669
Specimen 0.0027 554 368 806 692
Specimen 0.0026 188 -7 964 650
Specimen 0.0026 -285 676 351 1325
Specimen 0.0026 555 455 1212 1800
Specimen 0.0025 536 695 667 846
Specimen 0.0025 -346 378 388 1150
Specimen 0.0025 1119 547 1461 1138
Specimen 0.0024 1128 295 1451 716
Specimen 0.0023 621 448 830 1104
Specimen 0.0023 1221 1675 1479 1772
Specimen 0.0022 -291 718 5 1112
Specimen 0.0022 125 712 323 1085
Specimen 0.0022 -281 856 -2 1243
Specimen 0.0022 -296 560 9 998
Specimen 0.0022 1138 439 1441 841
Specimen 0.0021 529 417 963 1392
Specimen 0.0021 -174 1649 240 1796
Specimen 0.0020 -176 956 19 1174
Specimen 0.0020 -231 -13 69 367
Specimen 0.0020 534 -30 1499 1268
Specimen 0.0019 -212 938 39 1303
Specimen 0.0019 482 185 894 800
Specimen 0.0019 -220 799 53 1170
Specimen 0.0019 1210 -8 1471 147
Specimen 0.0019 -272 991 -12 1378
Specimen 0.0018 1131 813 1446 1284
Specimen 0.0018 1140 1037 1449 1468
Specimen 0.0018 -181 817 20 1041
Specimen 0.0018 533 912 674 1077
Specimen 0.0018 -260 27 0 287
Specimen 0.0018 -250 663 -25 932
Specimen 0.0017 -217 1068 46 1442
Specimen 0.0016 -306 334 19 816
Specimen 0.0016 -179 1086 19 1317
Specimen 0.0016 1229 1112 1468 1567
Specimen 0.0016 -223 -20 204 499
Specimen 0.0016 -185 685 25 906
Specimen 0.0015 -249 76 -26 433
Specimen 0.0015 795 741 1022 1122
Specimen 0.0015 1237 627 1460 954
Specimen 0.0015 -151 994 113 1375
Specimen 0.0015 -94 49 213 414
Specimen 0.0015 424 -10 799 344
Specimen 0.0015 542 525 913 1032
Specimen 0.0014 -151 -56 172 262
Specimen 0.0014 68 -7 459 348
Specimen 0.0014 -311 1660 -87 1785
Specimen 0.0014 -276 1113 -7 1522
Specimen 0.0014 195 -180 1301 1127
Specimen 0.0014 506 724 630 862
Specimen 0.0014 1294 482 1521 941
Specimen 0.0014 477 342 684 834
Specimen 0.0014 288 126 796 863
Specimen 0.0014 -260 448 -17 739
Specimen 0.0014 -60 1617 444 1823
Specimen 0.0014 541 -17 943 360
Specimen 0.0014 -229 1401 81 1785
Specimen 0.0013 -190 11 30 210
Specimen 0.0013 -343 -8 -46 351
Specimen 0.0013 1297 284 1523 734
Specimen 0.0013 1288 661 1531 1167
Specimen 0.0013 1298 948 1521 1425
Specimen 0.0013 1143 -18 1317 118
Specimen 0.0013 -186 116 21 396
Specimen 0.0013 291 623 502 1196
Specimen 0.0012 -176 840 142 1261
Specimen 0.0012 829 637 1046 1018
Specimen 0.0012 183 693 610 1133
Specimen 0.0012 -225 1665 118 1776
Specimen 0.0012 419 1592 1081 1870
Specimen 0.0012 509 661 630 819
Specimen 0.0012 147 339 528 1078
Specimen 0.0011 -186 1202 27 1474
Specimen 0.0011 -206 174 221 444
Specimen 0.0011 1144 1609 1468 1831
Specimen 0.0011 -20 157 156 479
Specimen 0.0011 1233 92 1473 550
Specimen 0.0011 -383 754 -42 1203
Specimen 0.0011 -219 1264 60 1641
Specimen 0.0010 243 -19 699 352
Specimen 0.0010 793 524 976 790
Specimen 0.0010 223 497 783 1215
Specimen 0.0010 -298 1583 -87 1761
Specimen 0.0010 -99 235 213 639
Specimen 0.0010 -310 118 32 619
Specimen 0.0010 -334 1411 -86 1769
Specimen 0.0010 1054 525 1272 901
Specimen 0.0010 -266 298 -13 620
Specimen 0.0010 639 77 982 518
Specimen 0.0010 401 424 557 838
Specimen 0.0010 383 351 478 458
Specimen 0.0010 -288 1334 7 1697
Specimen 0.0010 506 624 767 1062
Specimen 0.0010 1231 956 1473 1312
Specimen 0.0010 1262 358 1464 652
Specimen 0.0010 1152 0 1300 226
Specimen 0.0010 1171 -8 1426 237
