Label 0.8635 9 1483 423 1760
Label 0.4516 914 1695 1089 1768
Label 0.4455 810 11 1102 124
Label 0.3027 412 1699 625 1763
Label 0.2869 588 1288 952 1701
Label 0.2407 634 1597 884 1703
Label 0.1539 117 1416 284 1477
Label 0.1300 619 1527 928 1695
Label 0.1033 624 1695 1003 1767
Label 0.0778 418 1700 817 1767
Label 0.0536 447 1472 615 1691
Label 0.0434 918 1264 1126 1734
Label 0.0389 596 1665 924 1759
Label 0.0368 939 1281 1110 1466
Label 0.0306 602 1096 786 1239
Label 0.0241 86 1509 347 1710
Label 0.0215 556 1486 969 1770
Label 0.0187 931 1649 1136 1765
Label 0.0168 602 1711 800 1756
Label 0.0164 97 1358 798 1715
Label 0.0158 877 68 1089 162
Label 0.0155 647 1627 1105 1775
Label 0.0152 620 1296 868 1418
Label 0.0144 941 1435 1103 1726
Label 0.0133 1056 98 1532 855
Label 0.0125 346 1017 619 1277
Label 0.0124 400 992 815 1321
Label 0.0123 651 1081 865 1260
Label 0.0120 828 1581 1129 1775
Label 0.0118 427 1541 700 1734
Label 0.0114 489 1024 745 1230
Label 0.0113 1121 315 1476 665
Label 0.0110 564 1000 857 1534
Label 0.0106 584 1566 870 1764
Label 0.0105 279 1044 488 1270
Label 0.0102 657 1434 939 1661
Label 0.0099 667 1423 1054 1755
Label 0.0093 365 1089 564 1254
Label 0.0089 772 -54 1144 309
Label 0.0085 919 1337 1393 1713
Label 0.0083 354 1504 614 1726
Label 0.0082 1112 -68 1512 507
Label 0.0080 297 1420 697 1692
Label 0.0077 121 932 783 1612
Label 0.0077 905 1001 1349 1621
Label 0.0074 1128 1542 1476 1750
Label 0.0073 763 1699 1125 1772
Label 0.0071 671 1616 826 1686
Label 0.0071 1105 432 1488 810
Label 0.0066 -462 799 264 1760
Label 0.0066 -199 621 860 1898
Label 0.0066 285 921 672 1338
Label 0.0064 329 854 857 1437
Label 0.0062 30 1045 586 1558
Label 0.0060 725 1713 954 1753
Label 0.0059 744 1492 933 1668
Label 0.0059 735 1108 836 1262
Label 0.0059 610 1163 1020 1518
Label 0.0058 926 1671 1091 1745
Label 0.0054 437 1070 668 1264
Label 0.0053 973 1270 1110 1363
Label 0.0053 373 1386 861 1759
Label 0.0051 338 1098 480 1246
Label 0.0050 775 17 1059 212
Label 0.0048 804 1487 1151 1842
Label 0.0048 611 1140 746 1252
Label 0.0046 58 1368 364 1564
Label 0.0045 703 1109 805 1246
Label 0.0045 1050 705 1527 1602
Label 0.0044 -277 1168 319 1670
Label 0.0043 831 -446 1787 882
Label 0.0043 374 340 1336 1669
Label 0.0042 1185 1404 1525 1755
Label 0.0041 683 -295 1916 1502
Label 0.0041 1163 1674 1468 1758
Label 0.0040 327 -1 1072 123
Label 0.0040 1090 527 1493 987
Label 0.0040 1108 963 1488 1393
Label 0.0039 971 947 1221 1263
Label 0.0039 442 1664 933 1798
Label 0.0039 674 1309 916 1595
Label 0.0039 451 1655 778 1761
Label 0.0039 894 1176 1128 1525
Label 0.0038 1211 812 1548 1269
Label 0.0037 27 1639 406 1768
Label 0.0036 85 833 601 1440
Label 0.0036 953 1354 1113 1513
Label 0.0035 554 951 1115 1670
Label 0.0035 1138 258 1624 1497
Label 0.0034 528 604 1143 1401
Label 0.0033 991 1670 1480 1776
Label 0.0032 -343 -189 459 336
Label 0.0032 880 -1 1116 213
Label 0.0031 -58 632 683 1370
Label 0.0031 -13 1055 358 1512
Label 0.0031 987 1436 1307 1743
Label 0.0031 790 -129 1487 525
Label 0.0031 -139 896 479 1634
Label 0.0031 867 809 1159 1329
Label 0.0030 -381 -3 749 1227
Label 0.0030 -239 1391 387 1772
Label 0.0029 91 -36 1058 421
Label 0.0029 642 117 1094 573
Label 0.0028 796 1453 936 1579
Label 0.0028 110 1129 300 1409
Label 0.0027 -439 1247 -2 1842
Label 0.0026 631 -323 1333 642
Label 0.0026 -33 -21 660 437
Label 0.0026 325 1287 606 1463
Label 0.0026 727 -28 1247 702
Label 0.0025 932 1267 1380 1538
Label 0.0024 1063 908 1377 1323
Label 0.0024 425 1614 618 1785
Label 0.0024 -478 344 542 1650
Label 0.0023 395 1661 675 1802
Label 0.0023 1197 445 1425 707
Label 0.0023 591 859 997 1445
Label 0.0023 321 920 520 1205
Label 0.0023 581 1192 846 1460
Label 0.0022 877 436 1691 1845
Label 0.0022 908 1588 1254 1786
Label 0.0022 -80 1094 755 1756
Label 0.0021 -210 1559 340 1795
Label 0.0021 95 129 1032 827
Label 0.0021 1147 454 1307 692
Label 0.0021 460 1038 615 1227
Label 0.0021 1127 527 1309 772
Label 0.0021 25 737 240 988
Label 0.0021 46 1362 264 1485
Label 0.0021 733 1210 1231 1737
Label 0.0020 1192 304 1425 578
Label 0.0020 1093 1005 1345 1252
Label 0.0020 600 158 1385 1315
Label 0.0019 81 1443 436 1656
Label 0.0019 -332 885 391 1414
Label 0.0019 1153 314 1302 556
Label 0.0019 620 1617 806 1726
Label 0.0019 394 1334 1046 1933
Label 0.0019 357 1300 622 1641
Label 0.0019 -345 1449 147 1899
Label 0.0018 1168 574 1427 871
Label 0.0018 600 1482 808 1674
Label 0.0018 1090 1455 1385 1761
Label 0.0018 1141 1725 1482 1771
Label 0.0017 696 1702 853 1747
Label 0.0017 19 929 243 1204
Label 0.0017 1155 918 1433 1219
Label 0.0017 1008 1166 1289 1513
Label 0.0017 72 1371 619 1594
Label 0.0017 5 1215 423 1724
Label 0.0017 1113 1060 1321 1340
Label 0.0017 148 1392 530 1690
Label 0.0017 995 1246 1537 2053
Label 0.0016 -465 -718 338 852
Label 0.0016 314 -79 1095 233
Label 0.0016 1185 129 1415 504
Label 0.0015 19 1119 244 1412
Label 0.0015 -132 -48 736 691
Label 0.0015 319 1134 498 1318
Label 0.0015 619 12 1039 137
Label 0.0015 1168 687 1420 1024
Label 0.0015 1123 667 1318 909
Label 0.0015 430 1547 825 1823
Label 0.0014 21 465 231 722
Label 0.0014 561 875 799 1208
Label 0.0014 76 1051 339 1341
Label 0.0014 784 1703 1013 1750
Label 0.0014 170 1213 322 1433
Label 0.0014 916 90 1059 169
Label 0.0014 669 1556 984 1739
Label 0.0014 1153 173 1296 454
Label 0.0014 26 267 226 509
Label 0.0014 76 -81 837 246
Label 0.0014 196 1272 741 1513
Label 0.0013 1130 961 1322 1158
Label 0.0013 632 1119 833 1360
Label 0.0013 -221 10 230 187
Label 0.0013 396 937 730 1206
Label 0.0013 919 632 1326 1463
Label 0.0013 97 1368 434 1494
Label 0.0013 564 1070 795 1387
Label 0.0013 1165 1056 1447 1326
Label 0.0013 -168 1491 14 1710
Label 0.0013 26 594 238 863
Label 0.0012 692 1325 838 1395
Label 0.0012 1343 440 1490 702
Label 0.0012 1128 805 1312 1043
Label 0.0012 720 1004 881 1254
Label 0.0012 694 665 1363 1616
Label 0.0012 277 894 435 1218
Label 0.0012 658 1078 798 1208
Label 0.0012 7 859 272 1122
Label 0.0012 138 87 542 384
Label 0.0012 1243 619 1467 957
Label 0.0012 1344 579 1491 834
Label 0.0012 86 910 315 1219
Label 0.0012 1026 1557 1288 1763
Label 0.0012 -213 54 217 283
Label 0.0012 504 1147 684 1252
Label 0.0012 831 -113 1321 283
Label 0.0012 -345 1101 -60 1409
Label 0.0012 947 1506 1080 1657
Label 0.0012 83 239 315 537
Label 0.0012 542 72 1175 840
Label 0.0011 -17 983 298 1264
Label 0.0011 547 19 806 170
Label 0.0011 89 5 606 144
Label 0.0011 -24 -1 337 75
Label 0.0011 1178 882 1442 1090
Label 0.0011 71 1281 824 1978
Label 0.0011 235 30 1205 1162
Label 0.0011 11 174 282 441
Label 0.0011 1264 365 1461 645
Label 0.0011 1244 742 1468 1106
Label 0.0011 1263 508 1460 778
Label 0.0011 -237 -8 249 95
Label 0.0011 -296 1453 -115 1750
Label 0.0011 335 41 1058 585
Label 0.0011 847 674 1048 1039
Label 0.0011 -102 8 108 218
Label 0.0011 77 772 315 1085
Label 0.0010 126 1208 567 1460
Label 0.0010 821 1500 972 1720
Label 0.0010 644 14 860 168
Label 0.0010 963 1477 1098 1613
Label 0.0010 1342 295 1493 572
Label 0.0010 -108 57 102 322
Label 0.0010 -259 1567 -21 1779
Label 0.0010 1099 1237 1342 1583
Label 0.0010 463 1035 758 1434
Label 0.0010 1320 1676 1527 1780
Label 0.0010 1316 651 1510 919
Label 0.0010 1310 917 1515 1202
Label 0.0010 -35 1 218 29
Label 0.0010 -188 1322 20 1619
Label 0.0010 229 47 443 324
Label 0.0010 1344 786 1490 1034
Label 0.0010 671 1274 1083 1541
Label 0.0010 784 1456 1000 1647
Label 0.0010 585 1210 748 1264
Label 0.0010 758 1382 959 1592
Label 0.0010 -241 1479 -31 1729
Barcode 0.6395 915 86 1069 132
Barcode 0.5724 918 1690 1108 1760
Barcode 0.4564 871 59 1088 135
Barcode 0.3967 833 17 1083 97
Barcode 0.3507 418 1697 613 1765
Barcode 0.0431 127 1427 275 1471
Barcode 0.0191 890 24 1050 87
Barcode 0.0121 1132 107 1465 569
Barcode 0.0085 1157 31 1455 390
Barcode 0.0073 -295 21 34 142
Barcode 0.0061 -418 1017 198 1583
Barcode 0.0060 1140 5 1458 165
Barcode 0.0058 -290 55 51 343
Barcode 0.0056 -372 -190 184 883
Barcode 0.0052 -131 -17 505 153
Barcode 0.0051 -341 120 134 579
Barcode 0.0050 -344 1164 92 1700
Barcode 0.0049 884 26 1175 146
Barcode 0.0047 1168 686 1602 1603
Barcode 0.0043 -147 -10 503 426
Barcode 0.0042 882 250 1399 724
Barcode 0.0042 1226 944 1535 1401
Barcode 0.0040 -418 256 224 724
Barcode 0.0040 809 349 1457 898
Barcode 0.0038 868 10 1340 400
Barcode 0.0037 923 91 1356 596
Barcode 0.0036 1191 27 1574 929
Barcode 0.0036 1064 -149 1541 343
Barcode 0.0035 927 95 1072 164
Barcode 0.0035 1225 311 1550 713
Barcode 0.0034 472 1717 626 1759
Barcode 0.0032 741 596 1233 1194
Barcode 0.0032 1218 545 1554 1000
Barcode 0.0032 803 111 1171 583
Barcode 0.0031 -493 954 20 1387
Barcode 0.0029 -442 -199 85 372
Barcode 0.0028 562 584 1029 1212
Barcode 0.0028 -622 416 178 1621
Barcode 0.0026 -402 1342 -38 1779
Barcode 0.0025 -130 267 734 993
Barcode 0.0025 -278 1581 74 1799
Barcode 0.0024 -366 1600 -74 1820
Barcode 0.0023 -528 809 47 1255
Barcode 0.0023 -508 -48 344 1304
Barcode 0.0021 -293 1387 84 1764
Barcode 0.0019 -497 347 307 914
Barcode 0.0017 -438 1432 0 1941
Barcode 0.0017 -201 182 555 770
Barcode 0.0013 595 234 1138 738
Barcode 0.0012 279 375 856 920
Barcode 0.0011 -585 619 99 1175
Color Chart 0.0161 1012 1032 1096 1217
Color Chart 0.0077 772 -383 1839 1065
Color Chart 0.0076 404 1709 798 1762
Color Chart 0.0066 -778 658 374 1908
Color Chart 0.0061 303 -506 2042 1424
Color Chart 0.0057 -542 885 94 1690
Color Chart 0.0047 -432 -142 1079 1352
Color Chart 0.0047 -543 -451 959 847
Color Chart 0.0046 -853 -657 745 1298
Color Chart 0.0046 -242 -131 598 540
Color Chart 0.0040 799 -58 1477 1012
Color Chart 0.0038 -490 435 883 1831
Color Chart 0.0037 787 201 2074 2083
Color Chart 0.0036 -60 -220 1236 596
Color Chart 0.0035 638 -7 1614 1496
Color Chart 0.0032 349 -252 1403 898
Color Chart 0.0030 -517 -147 112 835
Color Chart 0.0030 -370 -568 531 681
Color Chart 0.0030 -1125 -132 773 2119
Color Chart 0.0023 -630 -737 256 854
Color Chart 0.0019 -701 973 285 2384
Color Chart 0.0019 1135 384 1307 644
Color Chart 0.0018 -399 -118 494 1053
Color Chart 0.0013 83 0 436 28
Color Chart 0.0013 -688 133 256 1645
Scale 0.6582 1012 979 1096 1279
Scale 0.0147 1085 -39 1516 699
Scale 0.0086 934 943 1113 1255
Scale 0.0071 987 961 1158 1318
Scale 0.0035 1169 857 1587 1725
Scale 0.0025 1146 295 1445 719
Scale 0.0024 571 342 1476 1703
Scale 0.0024 1102 787 1485 1311
Scale 0.0020 940 890 1243 1380
Scale 0.0018 1140 146 1453 591
Scale 0.0018 1100 441 1335 844
Scale 0.0017 676 18 1312 927
Scale 0.0017 1108 252 1333 622
Scale 0.0016 1159 47 1450 427
Scale 0.0014 625 610 837 1241
Scale 0.0014 1113 119 1329 477
Scale 0.0013 378 587 618 875
Scale 0.0012 1036 971 1253 1278
Scale 0.0011 268 644 452 1194
Specimen 0.8081 308 517 828 1284
Specimen 0.2672 586 1298 946 1675
Specimen 0.0226 336 1292 924 1716
Specimen 0.0168 224 716 967 1800
Specimen 0.0147 -713 -74 1080 1808
Specimen 0.0100 -267 269 876 1491
Specimen 0.0087 -13 1189 987 1720
Specimen 0.0073 158 -4 995 129
Specimen 0.0068 826 800 1500 1760
Specimen 0.0055 -487 1094 37 1738
Specimen 0.0047 -302 -1 -2 143
Specimen 0.0045 514 920 899 1654
Specimen 0.0044 917 1387 1377 1777
Specimen 0.0041 546 1269 887 1557
Specimen 0.0041 1061 1138 1457 1778
Specimen 0.0038 368 292 1321 1478
Specimen 0.0037 613 1388 802 1688
Specimen 0.0035 1203 52 1515 394
Specimen 0.0034 428 660 1275 1891
Specimen 0.0034 505 512 1121 1236
Specimen 0.0031 318 1 743 30
Specimen 0.0031 587 1301 837 1457
Specimen 0.0031 -65 -123 1226 1019
Specimen 0.0030 1216 1019 1530 1610
Specimen 0.0030 165 3 798 77
Specimen 0.0028 312 600 569 1248
Specimen 0.0028 717 1283 1215 1772
Specimen 0.0025 1149 416 1443 865
Specimen 0.0025 -309 401 288 1290
Specimen 0.0025 1109 524 1477 1162
Specimen 0.0023 -231 -6 58 360
Specimen 0.0023 -361 1179 -45 1606
Specimen 0.0023 -410 950 -7 1556
Specimen 0.0022 561 587 887 1231
Specimen 0.0022 110 -84 1032 261
Specimen 0.0021 950 1025 1354 1616
Specimen 0.0020 1222 -8 1469 142
Specimen 0.0020 1223 1672 1481 1774
Specimen 0.0019 531 810 808 1268
Specimen 0.0019 1108 918 1483 1449
Specimen 0.0018 -342 1331 -67 1705
Specimen 0.0018 996 1582 1471 1861
Specimen 0.0018 -48 619 302 1071
Specimen 0.0018 -258 56 -18 442
Specimen 0.0018 -278 735 259 1501
Specimen 0.0018 288 550 692 1026
Specimen 0.0018 1042 695 1395 1262
Specimen 0.0018 -297 1667 -86 1783
Specimen 0.0018 350 851 625 1239
Specimen 0.0017 -182 181 8 473
Specimen 0.0017 170 1201 1029 2083
Specimen 0.0016 131 -344 1084 484
Specimen 0.0015 400 -33 942 217
Specimen 0.0015 -59 821 315 1273
Specimen 0.0015 241 1268 849 1544
Specimen 0.0015 1075 547 1362 1006
Specimen 0.0015 -226 -78 218 282
Specimen 0.0015 227 167 912 1099
Specimen 0.0015 -257 1239 -11 1549
Specimen 0.0015 -344 1091 -89 1454
Specimen 0.0015 374 488 825 973
Specimen 0.0015 1224 782 1477 1319
Specimen 0.0015 1239 428 1469 747
Specimen 0.0014 650 1264 1281 2042
Specimen 0.0014 -233 140 57 607
Specimen 0.0014 1298 345 1522 811
Specimen 0.0014 1235 994 1469 1416
Specimen 0.0014 54 970 349 1394
Specimen 0.0014 120 -24 685 194
Specimen 0.0014 1291 528 1529 1031
Specimen 0.0013 728 1023 1518 2296
Specimen 0.0013 1294 920 1526 1453
Specimen 0.0012 102 26 559 447
Specimen 0.0012 1296 738 1526 1229
Specimen 0.0012 1239 97 1470 534
Specimen 0.0012 1009 955 1292 1382
Specimen 0.0012 238 825 458 1254
Specimen 0.0012 -270 222 243 925
Specimen 0.0012 -37 1046 300 1454
Specimen 0.0012 -252 1224 83 1689
Specimen 0.0012 29 186 236 459
Specimen 0.0012 -327 7 -43 330
Specimen 0.0012 701 -320 1291 449
Specimen 0.0012 -248 5 219 603
Specimen 0.0011 -336 1396 -201 1776
Specimen 0.0011 -251 288 -17 627
Specimen 0.0011 -317 1558 -220 1780
Specimen 0.0011 681 934 918 1298
Specimen 0.0011 1162 1106 1429 1581
Specimen 0.0011 -300 1576 -87 1761
Specimen 0.0011 -244 -20 96 109
Specimen 0.0010 956 750 1880 2079
Specimen 0.0010 -257 1071 -21 1332
Specimen 0.0010 -397 564 116 1254
Specimen 0.0010 1137 -20 1322 112
Specimen 0.0010 1299 123 1527 624
Specimen 0.0010 1241 279 1472 623
Specimen 0.0010 701 1014 1054 1624
Specimen 0.0010 811 531 1087 1022
Specimen 0.0010 -60 360 312 788
Specimen 0.0010 -425 762 -1 1333
Specimen 0.0010 -213 1071 233 1323
