Label 0.8388 572 1138 1074 1502
Label 0.7396 448 1376 569 1511
Label 0.6486 148 1214 355 1417
Label 0.4003 954 -3 1102 41
Label 0.3826 156 1320 320 1415
Label 0.2841 595 1142 1016 1215
Label 0.1012 157 1330 251 1409
Label 0.0751 91 1151 353 1468
Label 0.0632 174 1223 330 1340
Label 0.0543 226 1421 442 1487
Label 0.0308 799 770 1091 1093
Label 0.0269 409 1405 667 1563
Label 0.0186 630 1088 1039 1240
Label 0.0184 575 1115 1084 1319
Label 0.0121 1085 1109 1505 1741
Label 0.0120 718 1413 1227 1793
Label 0.0113 1154 1091 1465 1502
Label 0.0106 673 1147 923 1202
Label 0.0102 152 1166 313 1355
Label 0.0096 699 1211 954 1445
Label 0.0089 1152 1558 1461 1760
Label 0.0083 1119 305 1483 690
Label 0.0080 1058 65 1535 887
Label 0.0079 208 1429 460 1542
Label 0.0077 1067 674 1507 1336
Label 0.0074 223 1323 348 1417
Label 0.0072 1146 794 1453 1245
Label 0.0071 96 1541 1058 1793
Label 0.0068 -6 1506 371 1741
Label 0.0064 960 13 1095 82
Label 0.0064 1107 458 1479 1051
Label 0.0061 -7 -1 928 109
Label 0.0058 590 1483 1131 1755
Label 0.0058 1243 920 1514 1415
Label 0.0047 578 1104 1432 2004
Label 0.0046 133 1409 315 1506
Label 0.0046 928 678 1679 1876
Label 0.0044 311 1362 1108 1803
Label 0.0043 1187 1309 1539 1793
Label 0.0043 44 1555 555 1780
Label 0.0043 807 1278 1448 1844
Label 0.0043 858 1429 1392 1758
Label 0.0040 319 1256 591 1493
Label 0.0040 1202 603 1540 1203
Label 0.0039 1236 430 1547 849
Label 0.0037 -231 1296 337 1833
Label 0.0036 898 1120 1211 1486
Label 0.0035 843 1571 1385 1800
Label 0.0035 798 1175 1107 1511
Label 0.0034 761 -365 1855 1555
Label 0.0033 1160 340 1583 1394
Label 0.0033 -120 962 462 1557
Label 0.0032 1145 610 1307 829
Label 0.0030 -590 425 438 1872
Label 0.0030 722 307 1178 938
Label 0.0030 365 1497 583 1737
Label 0.0030 1164 1675 1469 1760
Label 0.0029 823 835 1411 1470
Label 0.0028 305 1487 510 1743
Label 0.0028 904 -23 1142 108
Label 0.0027 -22 -106 943 241
Label 0.0027 1191 438 1433 715
Label 0.0026 1158 388 1306 630
Label 0.0026 1147 453 1297 716
Label 0.0026 466 0 1522 1433
Label 0.0025 -164 1005 -4 1242
Label 0.0025 645 57 1281 1137
Label 0.0025 841 -160 1444 576
Label 0.0025 740 1014 1125 1307
Label 0.0025 167 1329 506 1721
Label 0.0024 -151 971 1306 2051
Label 0.0024 979 0 1132 56
Label 0.0023 -339 -126 116 546
Label 0.0023 107 1386 229 1513
Label 0.0023 199 1515 615 1705
Label 0.0023 865 1205 1378 1650
Label 0.0023 35 1484 235 1752
Label 0.0022 83 33 824 306
Label 0.0022 1107 513 1330 902
Label 0.0022 221 1099 934 1523
Label 0.0022 662 711 955 1085
Label 0.0022 -158 1095 592 1999
Label 0.0022 151 1433 235 1512
Label 0.0021 1176 574 1422 873
Label 0.0021 587 1159 678 1204
Label 0.0021 248 -37 1158 426
Label 0.0020 1166 938 1414 1330
Label 0.0020 934 1108 1087 1457
Label 0.0020 1107 386 1329 758
Label 0.0019 120 1282 232 1492
Label 0.0019 614 922 1091 1447
Label 0.0019 1148 243 1299 527
Label 0.0019 1092 238 1338 633
Label 0.0019 989 1194 1598 2136
Label 0.0019 741 1495 1026 1751
Label 0.0019 428 1252 664 1616
Label 0.0019 486 -153 1241 810
Label 0.0018 1192 296 1437 584
Label 0.0018 -172 197 1 428
Label 0.0018 -39 287 418 1189
Label 0.0018 739 1156 897 1192
Label 0.0017 1167 1282 1418 1675
Label 0.0017 495 1508 1001 1706
Label 0.0017 74 812 1122 1726
Label 0.0017 428 1485 658 1746
Label 0.0017 1136 917 1301 1203
Label 0.0017 1129 798 1305 1051
Label 0.0016 -182 -80 841 437
Label 0.0016 -247 1458 -32 1765
Label 0.0016 -36 -14 610 90
Label 0.0016 718 993 810 1120
Label 0.0016 1157 178 1310 427
Label 0.0016 1174 668 1414 1042
Label 0.0016 691 396 1346 1376
Label 0.0015 240 1361 487 1524
Label 0.0015 1180 858 1431 1114
Label 0.0015 1062 578 1375 1104
Label 0.0015 1144 1726 1479 1770
Label 0.0015 1083 108 1347 486
Label 0.0014 -247 509 -32 797
Label 0.0014 -247 1249 -33 1549
Label 0.0014 333 1511 753 1707
Label 0.0014 -174 -144 552 290
Label 0.0014 1135 1022 1292 1373
Label 0.0014 -175 874 34 1085
Label 0.0014 -164 1468 14 1736
Label 0.0014 146 1124 466 1406
Label 0.0014 -256 1086 -21 1453
Label 0.0014 630 1497 865 1736
Label 0.0013 1101 837 1331 1255
Label 0.0013 -301 1305 -120 1634
Label 0.0013 1157 1287 1295 1498
Label 0.0013 1339 358 1492 645
Label 0.0012 542 1132 848 1237
Label 0.0012 1142 743 1312 954
Label 0.0012 1241 734 1471 1117
Label 0.0012 1316 1039 1507 1351
Label 0.0012 1188 143 1439 453
Label 0.0012 -167 933 10 1160
Label 0.0012 -186 -364 599 1051
Label 0.0012 -169 6 9 188
Label 0.0012 239 102 851 370
Label 0.0012 425 -148 1281 284
Label 0.0012 -167 531 13 767
Label 0.0012 763 1565 1156 1759
Label 0.0012 290 1250 1185 2085
Label 0.0012 -158 1208 10 1432
Label 0.0011 1340 501 1492 775
Label 0.0011 1075 167 1245 468
Label 0.0011 642 996 1305 1726
Label 0.0011 1339 977 1491 1254
Label 0.0011 1075 592 1257 853
Label 0.0011 583 1480 673 1520
Label 0.0011 -159 1415 15 1633
Label 0.0011 287 1446 503 1530
Label 0.0011 -5 1087 580 1649
Label 0.0011 -147 609 5 810
Label 0.0011 -242 714 -39 1002
Label 0.0011 1313 1170 1509 1489
Label 0.0011 -24 1568 186 1768
Label 0.0010 866 1507 1176 1722
Label 0.0010 -151 1349 7 1558
Label 0.0010 777 844 986 1276
Label 0.0010 583 1464 678 1509
Label 0.0010 1343 643 1493 907
Label 0.0010 585 1127 965 1192
Label 0.0010 600 1456 722 1506
Label 0.0010 1056 1679 1421 1784
Label 0.0010 440 1346 568 1456
Label 0.0010 856 1138 1057 1250
Label 0.0010 449 42 641 319
Label 0.0010 438 11 663 136
Label 0.0010 1136 1417 1331 1652
Label 0.0010 -148 677 3 878
Label 0.0010 41 9 643 138
Label 0.0010 -129 1111 226 1650
Barcode 0.6744 240 1425 444 1502
Barcode 0.3064 -4 885 116 965
Barcode 0.2927 -2 143 101 222
Barcode 0.1212 308 1436 437 1495
Barcode 0.0420 240 1433 330 1496
Barcode 0.0075 1061 -37 1525 704
Barcode 0.0069 1107 161 1474 550
Barcode 0.0060 -274 20 19 132
Barcode 0.0055 -331 1221 98 1636
Barcode 0.0052 582 1164 642 1224
Barcode 0.0050 1110 1498 1168 1531
Barcode 0.0047 1131 16 1473 163
Barcode 0.0046 1117 72 1469 378
Barcode 0.0045 -281 1388 78 1765
Barcode 0.0044 -261 1606 39 1786
Barcode 0.0041 -426 1238 16 1866
Barcode 0.0041 -349 1620 -74 1807
Barcode 0.0040 -479 -115 63 812
Barcode 0.0039 -151 1425 269 1748
Barcode 0.0039 1212 1191 1534 1685
Barcode 0.0037 -133 1574 275 1799
Barcode 0.0037 -349 635 138 1396
Barcode 0.0036 -533 257 82 728
Barcode 0.0035 -473 153 49 572
Barcode 0.0033 -331 754 168 1070
Barcode 0.0033 1195 -139 1566 563
Barcode 0.0032 42 1480 126 1518
Barcode 0.0032 -405 63 0 352
Barcode 0.0030 -505 1076 51 1528
Barcode 0.0030 -367 362 133 857
Barcode 0.0028 916 -13 1366 422
Barcode 0.0027 1228 299 1553 732
Barcode 0.0027 1197 28 1578 924
Barcode 0.0026 -362 544 148 977
Barcode 0.0025 600 1169 664 1221
Barcode 0.0024 757 185 1180 763
Barcode 0.0024 -380 276 185 1201
Barcode 0.0024 -22 719 135 899
Barcode 0.0023 54 75 575 674
Barcode 0.0023 -118 12 452 167
Barcode 0.0023 835 204 1462 763
Barcode 0.0023 -41 40 667 325
Barcode 0.0023 953 -23 1279 137
Barcode 0.0023 759 -14 1220 447
Barcode 0.0023 -501 432 66 1325
Barcode 0.0023 896 96 1396 591
Barcode 0.0022 52 1460 129 1511
Barcode 0.0022 20 11 240 723
Barcode 0.0022 -453 715 17 1090
Barcode 0.0022 -21 508 343 1037
Barcode 0.0021 -462 843 33 1234
Barcode 0.0020 58 716 126 766
Barcode 0.0019 -437 -228 72 389
Barcode 0.0018 -194 118 49 342
Barcode 0.0018 709 360 1543 1158
Barcode 0.0017 15 1477 100 1519
Barcode 0.0015 363 36 1057 344
Barcode 0.0015 19 736 109 780
Barcode 0.0015 520 -14 1183 142
Barcode 0.0014 3 -395 972 518
Barcode 0.0011 921 1140 1044 1217
Color Chart 0.6914 -2 887 105 961
Color Chart 0.6447 -4 147 108 226
Color Chart 0.0208 147 5 941 59
Color Chart 0.0202 -35 134 119 258
Color Chart 0.0183 -22 874 119 996
Color Chart 0.0079 -20 106 118 215
Color Chart 0.0074 63 897 144 958
Color Chart 0.0060 -675 708 537 2127
Color Chart 0.0057 892 810 1713 2027
Color Chart 0.0054 675 -445 1934 1112
Color Chart 0.0050 -2 855 112 927
Color Chart 0.0045 -964 -491 584 1182
Color Chart 0.0040 27 161 130 241
Color Chart 0.0039 -520 25 88 929
Color Chart 0.0039 -13 -5 707 72
Color Chart 0.0038 15 791 112 883
Color Chart 0.0038 -510 1063 78 1768
Color Chart 0.0033 414 -236 1588 1404
Color Chart 0.0033 -646 40 499 1696
Color Chart 0.0031 -515 738 88 1568
Color Chart 0.0031 -29 903 52 950
Color Chart 0.0030 36 741 122 773
Color Chart 0.0029 -203 122 120 868
Color Chart 0.0028 -361 1079 517 2290
Color Chart 0.0028 -71 -72 751 993
Color Chart 0.0028 18 812 129 983
Color Chart 0.0027 679 511 1623 1741
Color Chart 0.0027 35 1284 1160 2038
Color Chart 0.0026 -68 891 87 968
Color Chart 0.0025 885 203 1981 1808
Color Chart 0.0025 -38 160 61 207
Color Chart 0.0023 66 152 148 219
Color Chart 0.0023 724 1127 1570 2222
Color Chart 0.0022 36 908 133 986
Color Chart 0.0021 -264 929 152 1607
Color Chart 0.0021 827 -81 1452 749
Color Chart 0.0020 -279 -421 967 804
Color Chart 0.0020 38 1479 124 1514
Color Chart 0.0019 -170 107 17 365
Color Chart 0.0017 49 1462 120 1504
Color Chart 0.0016 508 -4 961 46
Color Chart 0.0015 -659 -764 293 878
Color Chart 0.0015 385 -377 1369 768
Color Chart 0.0015 54 717 118 761
Color Chart 0.0012 805 1542 1149 1759
Color Chart 0.0012 17 1448 99 1513
Color Chart 0.0012 30 112 133 168
Color Chart 0.0010 1 210 111 276
Color Chart 0.0010 -38 809 101 974
Color Chart 0.0010 66 881 154 936
Color Chart 0.0010 -10 863 83 913
Scale 0.7646 -10 230 113 773
Scale 0.7642 -7 974 117 1523
Scale 0.0126 27 1014 156 1501
Scale 0.0123 20 1056 100 1434
Scale 0.0109 21 307 97 688
Scale 0.0062 -149 242 130 733
Scale 0.0052 -397 1072 188 1754
Scale 0.0042 189 -2 898 120
Scale 0.0037 -317 775 148 1537
Scale 0.0034 -536 -196 416 1133
Scale 0.0031 -56 103 86 678
Scale 0.0030 -376 158 174 1029
Scale 0.0029 -199 1010 120 1530
Scale 0.0026 14 272 177 746
Scale 0.0025 -62 812 123 1449
Scale 0.0022 -36 8 172 754
Scale 0.0021 937 1124 1080 1496
Scale 0.0019 1124 198 1459 677
Scale 0.0018 1131 726 1458 1233
Scale 0.0016 -16 -30 663 723
Scale 0.0015 -92 1203 225 1586
Scale 0.0014 -2 -18 313 729
Scale 0.0014 1035 32 1283 431
Scale 0.0010 1026 154 1292 583
Specimen 0.6863 176 38 1081 1220
Specimen 0.4824 187 626 614 1388
Specimen 0.0342 100 177 685 1386
Specimen 0.0243 241 282 972 952
Specimen 0.0187 539 338 1043 1110
Specimen 0.0073 513 143 900 972
Specimen 0.0059 671 691 1035 1088
Specimen 0.0058 236 460 813 1353
Specimen 0.0052 117 114 786 868
Specimen 0.0050 616 658 853 1097
Specimen 0.0046 268 470 1195 1510
Specimen 0.0041 421 208 704 1042
Specimen 0.0038 165 772 971 1478
Specimen 0.0038 -205 186 52 708
Specimen 0.0033 390 740 1015 1254
Specimen 0.0033 -163 266 9 629
Specimen 0.0032 -203 948 54 1434
Specimen 0.0032 -293 0 -19 126
Specimen 0.0031 -161 1018 8 1371
Specimen 0.0031 199 107 914 577
Specimen 0.0030 622 548 1139 1174
Specimen 0.0030 661 1422 1102 1799
Specimen 0.0029 88 1404 441 1816
Specimen 0.0026 217 1398 582 1805
Specimen 0.0026 35 149 148 231
Specimen 0.0025 298 644 758 1176
Specimen 0.0023 -223 239 -36 504
Specimen 0.0023 312 503 619 1054
Specimen 0.0023 254 -76 828 408
Specimen 0.0022 209 521 510 1054
Specimen 0.0022 1224 -10 1471 148
Specimen 0.0022 389 559 667 1283
Specimen 0.0021 458 716 601 947
Specimen 0.0021 1213 1681 1489 1765
Specimen 0.0021 60 687 337 1356
Specimen 0.0020 -9 1407 281 1804
Specimen 0.0020 -307 1659 -74 1783
Specimen 0.0020 -294 353 12 790
Specimen 0.0020 596 51 1094 615
Specimen 0.0019 1214 513 1485 1177
Specimen 0.0019 159 701 440 1245
Specimen 0.0019 -272 876 -5 1234
Specimen 0.0019 -217 35 52 424
Specimen 0.0019 355 -45 1108 761
Specimen 0.0019 -227 930 -37 1181
Specimen 0.0018 18 1566 262 1768
Specimen 0.0018 66 1540 390 1761
Specimen 0.0017 -296 1452 -116 1770
Specimen 0.0017 -342 1310 -74 1735
Specimen 0.0016 -274 1413 -9 1779
Specimen 0.0016 140 997 425 1425
Specimen 0.0016 1181 53 1399 454
Specimen 0.0016 1301 269 1520 749
Specimen 0.0016 1225 325 1471 825
Specimen 0.0016 1306 936 1515 1436
Specimen 0.0015 -285 1256 4 1655
Specimen 0.0015 -283 730 2 1100
Specimen 0.0015 1297 517 1525 1041
Specimen 0.0015 103 1573 580 1754
Specimen 0.0015 1232 773 1475 1327
Specimen 0.0014 1133 1214 1454 1698
Specimen 0.0014 -162 855 13 1115
Specimen 0.0014 -242 436 -23 710
Specimen 0.0014 -295 1587 -76 1758
Specimen 0.0014 -281 524 2 894
Specimen 0.0014 -171 190 9 410
Specimen 0.0013 351 1403 728 1791
Specimen 0.0013 1241 1141 1466 1529
Specimen 0.0013 -166 455 16 693
Specimen 0.0013 -232 795 -39 1037
Specimen 0.0013 -209 777 55 1181
Specimen 0.0013 -207 459 52 835
Specimen 0.0013 5 622 670 1670
Specimen 0.0013 -211 1337 56 1716
Specimen 0.0013 1243 541 1471 907
Specimen 0.0013 1307 730 1519 1237
Specimen 0.0013 153 82 520 782
Specimen 0.0013 693 153 1043 861
Specimen 0.0012 -233 1405 -27 1651
Specimen 0.0012 -334 1406 -204 1776
Specimen 0.0012 -292 1119 8 1515
Specimen 0.0012 1297 1128 1529 1650
Specimen 0.0012 -137 58 265 1013
Specimen 0.0012 726 708 1045 1372
Specimen 0.0012 1294 49 1527 558
Specimen 0.0012 -224 594 -37 824
Specimen 0.0012 -281 -9 -3 329
Specimen 0.0012 -239 94 -25 381
Specimen 0.0012 1261 427 1464 721
Specimen 0.0011 -302 1317 -101 1594
Specimen 0.0011 -314 1563 -219 1780
Specimen 0.0011 437 1395 914 1802
Specimen 0.0011 -390 184 -22 691
Specimen 0.0011 854 1541 1166 1761
Specimen 0.0011 -210 1205 53 1578
Specimen 0.0011 -337 1637 -208 1810
Specimen 0.0011 303 1546 560 1754
Specimen 0.0011 185 860 517 1484
Specimen 0.0011 -178 -11 24 106
Specimen 0.0010 407 1546 659 1754
Specimen 0.0010 243 976 602 1371
Specimen 0.0010 -358 1583 -180 1853
Specimen 0.0010 -329 1609 -56 1848
