Label 0.8396 708 1267 1065 1528
Label 0.7752 803 1057 1070 1162
Label 0.7475 805 1165 1064 1273
Label 0.6648 381 1418 511 1523
Label 0.5780 885 -4 1049 41
Label 0.1147 535 1451 720 1524
Label 0.0326 889 1172 1042 1261
Label 0.0167 758 996 1088 1307
Label 0.0132 882 13 1053 83
Label 0.0127 929 7 1056 52
Label 0.0125 499 1437 688 1545
Label 0.0114 752 1436 1200 1784
Label 0.0109 104 1445 556 1734
Label 0.0099 1101 1114 1498 1754
Label 0.0095 -12 1495 378 1752
Label 0.0087 -54 1371 415 1827
Label 0.0078 1150 1560 1461 1761
Label 0.0074 355 1357 563 1523
Label 0.0072 938 20 1123 78
Label 0.0071 1155 1096 1468 1512
Label 0.0060 846 1071 1008 1146
Label 0.0059 146 1558 1007 1790
Label 0.0058 1050 809 1516 1474
Label 0.0056 984 26 1080 66
Label 0.0056 1136 948 1471 1378
Label 0.0052 -238 1267 354 1866
Label 0.0052 418 1500 998 1734
Label 0.0048 666 1405 1087 1717
Label 0.0047 627 1197 1083 1616
Label 0.0045 32 1566 567 1785
Label 0.0044 1006 48 1070 96
Label 0.0043 855 1444 1396 1753
Label 0.0042 416 1082 1043 1534
Label 0.0042 608 1560 1127 1768
Label 0.0040 -262 994 687 2115
Label 0.0040 -93 6 760 117
Label 0.0040 1142 434 1474 820
Label 0.0039 788 1045 1124 1451
Label 0.0039 1132 803 1462 1244
Label 0.0039 843 1569 1359 1791
Label 0.0038 615 1165 1390 1950
Label 0.0038 907 1089 1313 1511
Label 0.0036 1190 1303 1533 1788
Label 0.0036 303 773 1161 1776
Label 0.0035 487 1389 746 1587
Label 0.0035 861 -30 1125 107
Label 0.0035 819 1501 1080 1750
Label 0.0035 1151 607 1299 835
Label 0.0034 20 1451 888 1865
Label 0.0034 1071 165 1541 1056
Label 0.0032 925 -6 1115 48
Label 0.0031 -350 626 141 1400
Label 0.0031 341 1474 1102 1844
Label 0.0030 799 1173 913 1242
Label 0.0030 370 1474 453 1522
Label 0.0029 1156 323 1290 580
Label 0.0029 1227 502 1542 1047
Label 0.0029 1148 457 1294 711
Label 0.0028 -561 424 418 1882
Label 0.0028 973 -1 1072 39
Label 0.0027 1164 1676 1466 1761
Label 0.0026 857 1033 1068 1085
Label 0.0025 844 -189 1440 326
Label 0.0025 -60 -22 702 392
Label 0.0025 1106 506 1333 911
Label 0.0025 394 1356 783 1758
Label 0.0024 -64 -13 641 77
Label 0.0024 638 854 1082 1405
Label 0.0024 234 1492 446 1743
Label 0.0023 814 1188 954 1261
Label 0.0023 1185 567 1414 881
Label 0.0023 1174 1482 1582 1856
Label 0.0023 1100 239 1332 636
Label 0.0022 1155 244 1308 509
Label 0.0021 -3 1220 402 1620
Label 0.0021 1197 444 1424 712
Label 0.0021 422 1435 545 1509
Label 0.0021 -153 -92 820 252
Label 0.0021 -316 -107 91 524
Label 0.0021 843 1273 1380 1620
Label 0.0021 809 1166 896 1210
Label 0.0021 1104 384 1330 761
Label 0.0020 132 1076 1071 1956
Label 0.0020 346 1292 646 1595
Label 0.0020 -163 1000 -1 1246
Label 0.0020 747 748 1556 1787
Label 0.0019 1131 781 1305 1066
Label 0.0019 -251 1018 -25 1393
Label 0.0019 213 -178 1199 309
Label 0.0018 822 0 1041 55
Label 0.0018 1106 105 1327 489
Label 0.0018 -183 119 36 349
Label 0.0018 -245 911 -35 1224
Label 0.0018 457 1476 651 1734
Label 0.0017 88 -41 868 130
Label 0.0017 35 1481 231 1755
Label 0.0016 1183 642 1406 1063
Label 0.0016 638 1494 854 1732
Label 0.0016 809 -331 1785 1771
Label 0.0016 514 -60 1193 434
Label 0.0016 -243 1249 -35 1549
Label 0.0016 1185 1133 1423 1383
Label 0.0016 -173 193 0 434
Label 0.0016 919 22 1104 119
Label 0.0016 1131 910 1307 1210
Label 0.0016 758 1164 947 1269
Label 0.0015 1192 292 1430 593
Label 0.0015 1129 1110 1306 1423
Label 0.0015 1171 1211 1416 1605
Label 0.0015 312 1481 515 1733
Label 0.0015 874 1140 1088 1330
Label 0.0014 371 1407 573 1486
Label 0.0014 -358 293 155 1182
Label 0.0014 388 1511 713 1700
Label 0.0014 869 7 988 39
Label 0.0014 -248 770 -37 1090
Label 0.0014 1190 924 1420 1185
Label 0.0013 1144 1727 1477 1770
Label 0.0013 -178 874 37 1087
Label 0.0013 211 11 485 148
Label 0.0013 -164 1463 14 1748
Label 0.0013 868 734 1331 1356
Label 0.0013 835 1064 993 1107
Label 0.0012 1017 1076 1184 1460
Label 0.0012 574 1481 778 1738
Label 0.0012 -81 390 191 1123
Label 0.0012 1071 521 1230 783
Label 0.0012 1155 90 1286 413
Label 0.0012 -237 1390 -42 1690
Label 0.0012 1149 1287 1300 1508
Label 0.0012 -170 -3 23 185
Label 0.0012 -254 420 -29 763
Label 0.0011 1076 783 1207 1067
Label 0.0011 -160 1343 10 1579
Label 0.0011 355 13 613 143
Label 0.0011 604 -122 1177 257
Label 0.0011 1061 454 1249 703
Label 0.0011 937 3 1229 79
Label 0.0011 1078 646 1225 926
Label 0.0011 338 1077 525 1357
Label 0.0011 1145 1408 1318 1653
Label 0.0011 502 1240 828 1638
Label 0.0010 -38 1572 198 1765
Label 0.0010 960 47 1058 99
Label 0.0010 983 1049 1070 1088
Label 0.0010 1035 27 1158 336
Label 0.0010 1056 10 1147 73
Label 0.0010 -168 933 11 1161
Label 0.0010 -168 525 13 779
Label 0.0010 1053 605 1262 833
Label 0.0010 589 389 1163 1603
Label 0.0010 781 1154 989 1224
Label 0.0010 392 1569 834 1757
Label 0.0010 1053 1678 1421 1783
Label 0.0010 1316 1112 1510 1416
Label 0.0010 1126 1487 1340 1722
Barcode 0.6581 510 1445 712 1524
Barcode 0.3252 1 142 113 226
Barcode 0.3150 7 893 116 974
Barcode 0.0281 517 1457 659 1511
Barcode 0.0133 497 1448 612 1520
Barcode 0.0117 948 1029 1028 1063
Barcode 0.0072 0 117 101 198
Barcode 0.0069 1127 285 1476 711
Barcode 0.0061 1072 46 1537 905
Barcode 0.0060 375 1407 534 1466
Barcode 0.0056 -269 20 16 129
Barcode 0.0056 -169 1435 288 1752
Barcode 0.0048 -260 1602 39 1788
Barcode 0.0047 -345 1617 -69 1805
Barcode 0.0046 -374 1393 -36 1764
Barcode 0.0045 -169 1573 299 1806
Barcode 0.0043 -320 1226 97 1631
Barcode 0.0041 1186 935 1574 1625
Barcode 0.0040 1245 1092 1526 1527
Barcode 0.0040 -420 1224 20 1881
Barcode 0.0034 -298 930 125 1430
Barcode 0.0032 -335 808 105 1257
Barcode 0.0032 -302 1450 101 1900
Barcode 0.0031 902 -31 1342 168
Barcode 0.0031 1244 444 1546 839
Barcode 0.0030 0 846 109 944
Barcode 0.0030 -514 1077 62 1524
Barcode 0.0029 976 79 1313 592
Barcode 0.0029 1161 620 1609 1396
Barcode 0.0028 945 -10 1332 411
Barcode 0.0028 -158 12 517 161
Barcode 0.0028 -302 68 71 350
Barcode 0.0025 -456 169 39 547
Barcode 0.0025 -456 -86 55 778
Barcode 0.0024 -31 683 136 922
Barcode 0.0023 37 40 611 318
Barcode 0.0023 -339 727 153 1088
Barcode 0.0023 -363 431 177 1315
Barcode 0.0022 794 70 1199 625
Barcode 0.0022 935 224 1353 754
Barcode 0.0021 -491 602 66 1431
Barcode 0.0019 307 -16 1105 172
Barcode 0.0019 -541 277 93 708
Barcode 0.0019 -473 582 47 957
Barcode 0.0018 -356 392 135 844
Barcode 0.0018 798 1 1186 380
Barcode 0.0016 -424 -213 64 374
Barcode 0.0016 554 1445 700 1499
Barcode 0.0013 220 -498 1240 608
Barcode 0.0011 -240 -510 669 636
Barcode 0.0011 56 1487 115 1529
Barcode 0.0011 1058 1494 1141 1534
Barcode 0.0011 913 1043 1044 1076
Barcode 0.0010 314 18 653 66
Barcode 0.0010 23 1483 103 1528
Barcode 0.0010 875 1029 1056 1087
Color Chart 0.6469 -1 148 102 227
Color Chart 0.6081 -5 902 110 975
Color Chart 0.0246 -30 132 110 257
Color Chart 0.0150 1 107 119 217
Color Chart 0.0150 -18 859 124 1023
Color Chart 0.0098 8 -5 817 53
Color Chart 0.0085 15 880 136 962
Color Chart 0.0047 -441 905 605 2196
Color Chart 0.0044 822 -327 1788 986
Color Chart 0.0041 -883 507 493 2073
Color Chart 0.0037 -27 910 51 957
Color Chart 0.0034 925 699 1671 1856
Color Chart 0.0034 -527 890 98 1660
Color Chart 0.0033 27 165 129 241
Color Chart 0.0032 -35 159 60 208
Color Chart 0.0030 49 1490 121 1525
Color Chart 0.0030 703 1003 1600 2082
Color Chart 0.0029 -943 -591 578 1282
Color Chart 0.0027 -680 964 288 2405
Color Chart 0.0026 67 896 140 970
Color Chart 0.0025 269 4 949 59
Color Chart 0.0024 -267 936 153 1603
Color Chart 0.0024 836 195 2026 1807
Color Chart 0.0024 912 -16 1386 684
Color Chart 0.0023 50 1209 1159 2131
Color Chart 0.0021 69 149 144 218
Color Chart 0.0020 738 -600 1582 711
Color Chart 0.0019 -503 43 76 911
Color Chart 0.0019 -165 -293 839 682
Color Chart 0.0016 429 -352 1320 723
Color Chart 0.0016 8 1489 108 1523
Color Chart 0.0015 55 875 148 998
Color Chart 0.0014 -193 133 113 852
Color Chart 0.0013 -171 6 12 188
Color Chart 0.0013 -642 -772 278 884
Color Chart 0.0012 -347 -317 480 1767
Color Chart 0.0012 1034 1062 1797 2296
Color Chart 0.0011 2 211 109 272
Color Chart 0.0010 -6 799 114 981
Color Chart 0.0010 1091 2 1170 33
Scale 0.7697 -8 969 118 1531
Scale 0.7643 -11 224 117 777
Scale 0.0217 73 3 883 57
Scale 0.0098 21 308 98 688
Scale 0.0054 22 1057 102 1434
Scale 0.0054 110 -2 847 123
Scale 0.0045 1217 -58 1528 703
Scale 0.0045 11 271 178 739
Scale 0.0039 -387 1063 184 1763
Scale 0.0036 -143 257 130 716
Scale 0.0032 -310 790 144 1526
Scale 0.0032 -201 1009 119 1534
Scale 0.0028 -58 31 120 731
Scale 0.0023 -162 260 10 641
Scale 0.0021 -182 1016 37 1359
Scale 0.0020 724 -14 1265 669
Scale 0.0018 -510 -276 407 1217
Scale 0.0018 1067 1098 1184 1436
Scale 0.0017 1033 1081 1147 1457
Scale 0.0017 -355 198 154 1002
Scale 0.0017 863 44 1439 900
Scale 0.0017 -61 859 93 1414
Scale 0.0016 -167 989 6 1233
Scale 0.0016 1007 14 1180 450
Scale 0.0015 1036 993 1220 1512
Scale 0.0015 -88 1174 194 1603
Scale 0.0015 1093 834 1342 1261
Scale 0.0014 -128 72 250 1000
Scale 0.0013 1039 68 1253 525
Scale 0.0012 1013 652 1280 1170
Scale 0.0011 1082 75 1206 417
Scale 0.0011 1105 41 1332 416
Scale 0.0010 1044 -16 1258 344
Specimen 0.7587 150 93 712 1454
Specimen 0.6973 766 278 943 1012
Specimen 0.6291 914 426 1049 1066
Specimen 0.4402 581 206 920 945
Specimen 0.4305 829 315 1033 1048
Specimen 0.2682 220 78 524 828
Specimen 0.2501 135 667 534 1440
Specimen 0.1896 366 330 546 735
Specimen 0.1643 648 261 828 998
Specimen 0.1594 427 107 867 1385
Specimen 0.1294 511 123 740 992
Specimen 0.0693 672 470 793 870
Specimen 0.0548 537 802 706 1412
Specimen 0.0482 550 179 698 844
Specimen 0.0258 122 111 446 1397
Specimen 0.0232 356 71 521 712
Specimen 0.0224 375 831 574 1364
Specimen 0.0182 153 667 404 1209
Specimen 0.0155 525 113 854 723
Specimen 0.0152 202 157 389 731
Specimen 0.0151 584 274 1114 1082
Specimen 0.0145 172 299 517 1090
Specimen 0.0116 1146 102 1460 580
Specimen 0.0096 385 277 696 1113
Specimen 0.0092 1174 47 1455 373
Specimen 0.0082 1170 18 1454 156
Specimen 0.0081 319 614 645 1323
Specimen 0.0073 411 800 680 1344
Specimen 0.0068 352 88 755 724
Specimen 0.0067 396 1013 537 1344
Specimen 0.0066 764 140 1058 899
Specimen 0.0066 389 807 534 1054
Specimen 0.0065 560 452 749 1210
Specimen 0.0061 613 63 1039 672
Specimen 0.0053 734 343 1028 1298
Specimen 0.0050 131 733 342 1110
Specimen 0.0049 117 234 368 958
Specimen 0.0049 572 382 686 800
Specimen 0.0048 777 373 951 752
Specimen 0.0045 1210 1185 1537 1696
Specimen 0.0043 324 267 596 1002
Specimen 0.0043 352 369 470 740
Specimen 0.0038 525 -59 1183 775
Specimen 0.0037 771 522 911 944
Specimen 0.0036 515 185 1188 1494
Specimen 0.0035 -293 0 -19 124
Specimen 0.0033 1109 -107 1517 302
Specimen 0.0032 216 267 363 599
Specimen 0.0031 774 1420 1124 1808
Specimen 0.0031 289 977 601 1484
Specimen 0.0030 348 1089 519 1294
Specimen 0.0030 1118 404 1468 1149
Specimen 0.0029 280 588 862 1492
Specimen 0.0028 354 1088 795 1533
Specimen 0.0027 412 305 558 630
Specimen 0.0027 -110 247 567 1481
Specimen 0.0027 135 979 473 1546
Specimen 0.0026 882 322 1202 1008
Specimen 0.0026 853 374 1067 1405
Specimen 0.0026 -202 939 53 1443
Specimen 0.0025 163 762 1042 1778
Specimen 0.0025 51 809 621 1707
Specimen 0.0025 554 861 705 1150
Specimen 0.0024 55 84 306 684
Specimen 0.0024 504 92 909 350
Specimen 0.0024 1142 359 1444 790
Specimen 0.0024 119 -60 819 222
Specimen 0.0023 1237 -8 1476 111
Specimen 0.0023 127 565 666 1119
Specimen 0.0023 -199 185 50 704
Specimen 0.0023 152 1402 514 1810
Specimen 0.0022 210 42 672 280
Specimen 0.0022 829 485 923 1012
Specimen 0.0022 -304 1656 -81 1782
Specimen 0.0022 374 135 486 381
Specimen 0.0022 29 1410 371 1803
Specimen 0.0021 127 775 334 1415
Specimen 0.0020 851 186 1295 1494
Specimen 0.0020 612 1407 1012 1809
Specimen 0.0020 -168 106 11 370
Specimen 0.0020 761 482 888 775
Specimen 0.0020 181 10 960 385
Specimen 0.0020 405 892 526 1170
Specimen 0.0020 -208 31 42 425
Specimen 0.0019 1213 1681 1490 1766
Specimen 0.0019 1 647 278 1432
Specimen 0.0019 -165 252 -12 508
Specimen 0.0019 -278 869 0 1237
Specimen 0.0018 1074 666 1366 1154
Specimen 0.0018 152 545 438 1008
Specimen 0.0018 898 568 1027 949
Specimen 0.0017 -247 1032 -16 1344
Specimen 0.0017 1134 811 1444 1286
Specimen 0.0017 868 1562 1148 1774
Specimen 0.0016 -275 1563 -15 1780
Specimen 0.0016 634 -147 1632 1393
Specimen 0.0016 388 1372 697 1810
Specimen 0.0016 -281 1198 0 1574
Specimen 0.0016 1131 1045 1452 1460
Specimen 0.0016 1298 1068 1522 1575
Specimen 0.0016 1177 283 1409 635
Specimen 0.0015 319 1046 531 1410
Specimen 0.0015 -285 719 4 1105
Specimen 0.0015 1295 344 1525 809
Specimen 0.0015 -295 1452 -117 1773
Specimen 0.0014 1252 1146 1463 1530
Specimen 0.0014 -206 1410 51 1781
Specimen 0.0014 1291 526 1530 1032
Specimen 0.0014 1245 487 1460 829
Specimen 0.0014 15 1566 260 1775
Specimen 0.0014 1294 49 1525 553
Specimen 0.0014 620 219 875 556
Specimen 0.0013 450 788 591 1072
Specimen 0.0013 1241 590 1460 991
Specimen 0.0013 945 764 1026 1064
Specimen 0.0013 -237 856 -31 1115
Specimen 0.0013 -215 775 57 1180
Specimen 0.0013 -349 1233 -72 1668
Specimen 0.0013 1138 -11 1330 121
Specimen 0.0013 329 110 569 375
Specimen 0.0013 322 1125 460 1265
Specimen 0.0013 492 1393 852 1796
Specimen 0.0013 -332 1635 -211 1807
Specimen 0.0013 -273 1327 -7 1723
Specimen 0.0013 748 408 904 1249
Specimen 0.0013 -283 365 4 776
Specimen 0.0013 1208 625 1486 1202
Specimen 0.0013 998 489 1308 1061
Specimen 0.0012 -161 1196 0 1459
Specimen 0.0012 1306 886 1518 1352
Specimen 0.0012 389 407 518 581
Specimen 0.0012 -251 259 -27 662
Specimen 0.0012 142 -214 1033 600
Specimen 0.0012 -311 1559 -221 1780
Specimen 0.0012 -168 1475 26 1717
Specimen 0.0012 -263 141 -16 476
Specimen 0.0012 296 1054 426 1340
Specimen 0.0012 386 620 516 754
Specimen 0.0012 -297 1303 -131 1635
Specimen 0.0012 -206 1273 54 1645
Specimen 0.0011 -165 444 4 724
Specimen 0.0011 1257 1025 1462 1380
Specimen 0.0011 -280 -10 -7 330
Specimen 0.0011 1343 439 1493 707
Specimen 0.0011 -351 1580 -185 1850
Specimen 0.0011 -208 454 56 836
Specimen 0.0011 1257 357 1467 658
Specimen 0.0011 -150 -174 570 895
Specimen 0.0011 989 61 1184 670
Specimen 0.0011 -326 1603 -61 1848
Specimen 0.0011 1022 437 1280 848
Specimen 0.0011 399 862 517 1011
Specimen 0.0011 -232 1407 -27 1650
Specimen 0.0011 71 1571 483 1758
Specimen 0.0011 -181 -10 26 108
Specimen 0.0011 -330 1406 -208 1772
Specimen 0.0010 741 1540 1078 1758
Specimen 0.0010 1329 507 1503 797
Specimen 0.0010 -215 -31 56 222
Specimen 0.0010 1347 1056 1492 1313
Specimen 0.0010 1338 1176 1494 1457
Specimen 0.0010 -26 676 180 1120
Specimen 0.0010 -66 1510 220 1816
Specimen 0.0010 332 803 466 1049
Specimen 0.0010 195 1523 627 1799
Specimen 0.0010 -156 1416 14 1632
