Label 0.8492 153 1310 547 1519
Label 0.8103 161 1194 399 1297
Label 0.6869 582 1393 750 1506
Label 0.1646 542 1318 780 1486
Label 0.0334 227 1334 490 1473
Label 0.0151 195 1214 355 1286
Label 0.0119 773 1503 1193 1758
Label 0.0109 1026 -52 1542 728
Label 0.0105 1074 1097 1526 1772
Label 0.0097 707 1395 1245 1809
Label 0.0084 -2 1505 368 1749
Label 0.0077 174 1448 713 1757
Label 0.0070 1146 1566 1463 1762
Label 0.0069 179 1240 399 1318
Label 0.0063 1106 1120 1487 1499
Label 0.0061 1110 1483 1475 1828
Label 0.0058 122 1066 397 1464
Label 0.0058 826 1268 1432 1855
Label 0.0055 84 1186 545 1630
Label 0.0054 867 1434 1389 1760
Label 0.0053 603 1412 807 1524
Label 0.0052 604 1565 1124 1775
Label 0.0050 177 1557 963 1790
Label 0.0044 493 1003 1530 2106
Label 0.0043 1072 526 1250 769
Label 0.0043 58 1564 546 1778
Label 0.0042 1003 93 1573 1161
Label 0.0042 -217 1280 331 1858
Label 0.0041 549 1275 829 1591
Label 0.0038 77 1130 269 1359
Label 0.0036 423 1216 836 1446
Label 0.0032 -338 656 138 1366
Label 0.0032 -25 399 660 862
Label 0.0032 -212 1024 637 2089
Label 0.0030 994 710 1572 1601
Label 0.0030 360 1462 1079 1849
Label 0.0028 30 1154 899 1928
Label 0.0028 1164 1677 1468 1761
Label 0.0028 1056 657 1261 912
Label 0.0026 230 1490 454 1741
Label 0.0025 -572 434 412 1853
Label 0.0025 -77 192 723 989
Label 0.0024 621 1504 1014 1716
Label 0.0024 1077 297 1245 593
Label 0.0023 217 1194 376 1270
Label 0.0023 167 1063 481 1331
Label 0.0023 351 564 1120 1998
Label 0.0023 665 871 1302 1450
Label 0.0022 534 1330 1098 1567
Label 0.0022 372 1069 876 1539
Label 0.0021 16 -70 622 496
Label 0.0021 580 1083 753 1187
Label 0.0020 868 927 1422 1650
Label 0.0020 570 591 1413 1400
Label 0.0020 1105 594 1328 853
Label 0.0020 -434 -139 73 565
Label 0.0020 1048 421 1270 735
Label 0.0019 -244 1251 -38 1543
Label 0.0019 1159 1272 1436 1693
Label 0.0019 365 1495 587 1738
Label 0.0019 637 1486 851 1743
Label 0.0018 10 -30 139 149
Label 0.0018 541 1402 683 1521
Label 0.0018 1116 502 1330 773
Label 0.0018 -160 1004 -9 1242
Label 0.0017 -193 111 45 353
Label 0.0017 1068 879 1226 1102
Label 0.0017 1055 798 1253 1055
Label 0.0017 -250 502 -27 803
Label 0.0017 504 1491 723 1736
Label 0.0017 265 1508 685 1706
Label 0.0017 603 1084 1079 1485
Label 0.0017 1065 435 1362 842
Label 0.0017 1013 576 1301 967
Label 0.0017 1132 1269 1310 1535
Label 0.0017 566 1403 668 1482
Label 0.0016 1183 117 1444 478
Label 0.0016 1184 1127 1434 1385
Label 0.0016 508 1327 621 1424
Label 0.0016 1081 1176 1195 1491
Label 0.0016 1064 925 1245 1197
Label 0.0015 568 1107 718 1172
Label 0.0015 1143 1123 1315 1393
Label 0.0015 569 -47 1143 428
Label 0.0015 661 1107 1314 1708
Label 0.0015 216 -120 958 268
Label 0.0014 -158 529 13 751
Label 0.0014 1031 544 1169 759
Label 0.0014 -284 -132 63 275
Label 0.0014 1144 1726 1479 1770
Label 0.0014 1071 1047 1217 1357
Label 0.0014 1196 441 1433 709
Label 0.0013 410 1512 813 1704
Label 0.0013 441 1327 810 1728
Label 0.0013 21 1567 273 1765
Label 0.0013 -172 190 3 439
Label 0.0013 -73 946 410 1538
Label 0.0013 -165 1463 14 1745
Label 0.0013 1087 1372 1211 1545
Label 0.0013 -238 1386 -46 1692
Label 0.0012 1341 1106 1495 1390
Label 0.0012 1350 914 1493 1181
Label 0.0012 1226 745 1472 1109
Label 0.0012 1014 709 1294 1109
Label 0.0012 -168 1271 8 1515
Label 0.0012 1345 571 1495 843
Label 0.0012 30 4 148 102
Label 0.0012 1343 434 1493 707
Label 0.0012 1078 1492 1149 1533
Label 0.0012 769 569 1126 1126
Label 0.0012 1115 694 1320 1015
Label 0.0012 1125 358 1331 646
Label 0.0012 1350 783 1491 1042
Label 0.0012 1021 874 1171 1114
Label 0.0012 1134 1399 1334 1657
Label 0.0011 1115 119 1341 480
Label 0.0011 -249 640 -34 941
Label 0.0011 839 716 1046 1002
Label 0.0011 1116 933 1322 1196
Label 0.0011 1191 988 1426 1252
Label 0.0011 -62 -153 389 296
Label 0.0011 1013 600 1172 836
Label 0.0011 -172 -311 583 1000
Label 0.0011 1318 652 1514 921
Label 0.0011 245 1232 448 1309
Label 0.0011 557 1403 612 1489
Label 0.0011 1188 288 1440 586
Label 0.0010 1233 499 1471 820
Label 0.0010 1318 855 1515 1127
Label 0.0010 221 1477 507 1522
Label 0.0010 -180 7 21 188
Label 0.0010 1091 1323 1356 1716
Label 0.0010 -149 601 6 805
Label 0.0010 451 1570 917 1759
Label 0.0010 -17 -63 159 278
Label 0.0010 238 1579 715 1754
Barcode 0.6706 570 1324 770 1395
Barcode 0.3602 -4 145 114 223
Barcode 0.3429 4 890 119 969
Barcode 0.2843 555 1331 772 1473
Barcode 0.0737 580 1386 759 1470
Barcode 0.0389 619 1341 757 1384
Barcode 0.0211 1050 3 1100 55
Barcode 0.0159 546 1332 686 1400
Barcode 0.0113 -275 22 4 119
Barcode 0.0095 1081 92 1472 605
Barcode 0.0065 1060 303 1502 696
Barcode 0.0059 636 1335 779 1405
Barcode 0.0058 42 899 137 973
Barcode 0.0054 -304 1221 80 1635
Barcode 0.0045 -138 1437 263 1749
Barcode 0.0043 -359 1394 -49 1768
Barcode 0.0041 1097 2 1480 183
Barcode 0.0041 -135 1573 280 1802
Barcode 0.0040 -414 1243 8 1859
Barcode 0.0039 -500 1062 71 1763
Barcode 0.0038 1022 61 1290 604
Barcode 0.0035 1150 887 1633 1680
Barcode 0.0035 -27 510 652 1005
Barcode 0.0035 1230 968 1551 1373
Barcode 0.0034 1234 814 1530 1238
Barcode 0.0034 -330 823 100 1244
Barcode 0.0033 1126 635 1658 1392
Barcode 0.0033 -337 389 116 838
Barcode 0.0032 -3 106 116 203
Barcode 0.0032 -300 941 110 1426
Barcode 0.0032 1216 1094 1552 1528
Barcode 0.0031 -301 1447 100 1903
Barcode 0.0031 -336 738 147 1062
Barcode 0.0030 923 1057 1354 1536
Barcode 0.0030 -364 69 -25 312
Barcode 0.0030 1211 423 1568 844
Barcode 0.0030 -353 513 166 1230
Barcode 0.0029 -511 268 64 721
Barcode 0.0029 1145 192 1639 1041
Barcode 0.0029 54 -10 599 155
Barcode 0.0029 -507 734 80 1573
Barcode 0.0028 248 -10 910 159
Barcode 0.0028 -465 149 44 575
Barcode 0.0028 1013 -258 1573 444
Barcode 0.0028 -482 -87 75 780
Barcode 0.0028 -5 2 283 177
Barcode 0.0025 1010 268 1313 690
Barcode 0.0025 90 2 552 455
Barcode 0.0025 762 -35 1217 179
Barcode 0.0025 915 361 1385 891
Barcode 0.0025 835 877 1432 1449
Barcode 0.0024 946 -35 1339 185
Barcode 0.0024 -515 335 85 1140
Barcode 0.0024 816 603 931 659
Barcode 0.0024 55 1488 122 1526
Barcode 0.0023 1196 1600 1544 1783
Barcode 0.0023 1194 55 1544 411
Barcode 0.0023 -456 578 26 953
Barcode 0.0023 698 154 1255 796
Barcode 0.0021 646 249 1589 1254
Barcode 0.0020 696 -12 1280 433
Barcode 0.0020 747 1251 1231 1612
Barcode 0.0019 64 1457 126 1520
Barcode 0.0019 1060 7 1140 67
Barcode 0.0018 986 363 1558 1147
Barcode 0.0015 18 1488 105 1530
Barcode 0.0015 517 -147 1205 304
Barcode 0.0015 -36 670 156 913
Barcode 0.0015 1008 0 1084 49
Barcode 0.0014 677 1396 769 1434
Barcode 0.0013 973 5 1118 55
Barcode 0.0012 79 1484 144 1531
Barcode 0.0011 623 1390 761 1443
Barcode 0.0010 812 568 923 647
Barcode 0.0010 -175 878 31 1084
Color Chart 0.6189 -3 155 110 226
Color Chart 0.5880 -5 895 114 970
Color Chart 0.0239 19 882 135 957
Color Chart 0.0186 1047 2 1097 53
Color Chart 0.0173 12 100 129 218
Color Chart 0.0129 -28 884 128 1002
Color Chart 0.0121 61 895 144 966
Color Chart 0.0116 -32 140 128 259
Color Chart 0.0095 1052 0 1128 39
Color Chart 0.0089 799 -294 1797 976
Color Chart 0.0065 62 147 144 221
Color Chart 0.0058 26 909 135 987
Color Chart 0.0056 -662 730 520 2101
Color Chart 0.0046 -327 -26 998 1477
Color Chart 0.0045 624 939 1689 2138
Color Chart 0.0036 -926 -359 552 1304
Color Chart 0.0031 1058 2 1138 66
Color Chart 0.0030 637 -449 1976 1656
Color Chart 0.0030 -89 227 740 1218
Color Chart 0.0030 775 453 2081 2118
Color Chart 0.0030 -625 156 475 1594
Color Chart 0.0030 -525 51 100 895
Color Chart 0.0028 435 518 1606 1747
Color Chart 0.0027 512 -124 1501 1046
Color Chart 0.0025 1017 1 1089 35
Color Chart 0.0024 78 1489 142 1528
Color Chart 0.0024 -128 -271 812 696
Color Chart 0.0024 -259 132 148 835
Color Chart 0.0021 -3 26 46 131
Color Chart 0.0021 969 1158 1613 2174
Color Chart 0.0020 -185 1142 614 2206
Color Chart 0.0019 2 211 112 282
Color Chart 0.0018 453 -753 1612 848
Color Chart 0.0017 867 73 1436 863
Color Chart 0.0016 133 1218 1069 2114
Color Chart 0.0016 983 4 1121 43
Color Chart 0.0015 3 957 116 1027
Color Chart 0.0015 744 -922 2133 1051
Color Chart 0.0015 424 -287 1325 673
Color Chart 0.0015 53 1489 118 1522
Color Chart 0.0015 35 27 136 133
Color Chart 0.0015 -34 909 53 954
Color Chart 0.0014 61 1461 118 1512
Color Chart 0.0014 69 881 154 941
Color Chart 0.0013 3 854 110 927
Color Chart 0.0013 -570 -718 204 826
Color Chart 0.0012 -185 61 43 286
Color Chart 0.0011 191 -395 1040 513
Color Chart 0.0011 -4 5 125 166
Color Chart 0.0010 -39 167 58 208
Color Chart 0.0010 80 4 158 77
Scale 0.7810 0 983 121 1523
Scale 0.7476 -4 224 125 746
Scale 0.0198 26 1057 111 1435
Scale 0.0155 28 301 106 681
Scale 0.0052 -375 1061 168 1761
Scale 0.0048 1154 1051 1602 1782
Scale 0.0045 -49 122 100 669
Scale 0.0039 1154 -88 1603 755
Scale 0.0037 -42 755 191 1492
Scale 0.0032 1087 80 1215 415
Scale 0.0031 -213 233 156 740
Scale 0.0031 17 3 224 737
Scale 0.0030 -301 771 136 1538
Scale 0.0030 923 -12 1392 705
Scale 0.0028 -381 231 192 948
Scale 0.0028 -52 854 96 1416
Scale 0.0026 1054 125 1251 606
Scale 0.0025 -553 -163 434 1101
Scale 0.0023 -186 276 46 617
Scale 0.0023 1045 112 1162 515
Scale 0.0019 -320 -48 141 741
Scale 0.0017 625 -100 1367 489
Scale 0.0016 -76 373 449 1092
Scale 0.0016 520 438 723 1075
Scale 0.0016 1067 376 1357 770
Scale 0.0016 1051 60 1382 535
Scale 0.0015 1001 61 1197 667
Scale 0.0015 1078 1109 1192 1428
Scale 0.0015 -165 998 0 1229
Scale 0.0015 1040 1091 1150 1452
Scale 0.0014 1051 -6 1264 345
Scale 0.0014 1048 1117 1224 1518
Scale 0.0014 1086 1054 1347 1444
Scale 0.0013 -168 243 7 496
Scale 0.0013 1048 338 1272 675
Scale 0.0013 17 313 272 806
Scale 0.0012 -79 1186 208 1606
Scale 0.0012 -9 6 52 156
Scale 0.0012 1031 851 1277 1239
Scale 0.0012 1041 972 1247 1400
Scale 0.0012 1121 78 1325 434
Scale 0.0010 1081 920 1349 1310
Scale 0.0010 -38 918 106 1203
Scale 0.0010 991 -44 1191 380
Scale 0.0010 -8 -8 209 408
Scale 0.0010 -4 112 116 502
Specimen 0.8118 566 52 955 1312
Specimen 0.7581 310 839 546 1268
Specimen 0.0363 -41 -13 1008 1458
Specimen 0.0159 235 803 665 1284
Specimen 0.0131 541 730 933 1322
Specimen 0.0086 118 133 864 1159
Specimen 0.0079 154 5 712 675
Specimen 0.0071 -303 3 -15 124
Specimen 0.0062 296 386 903 1311
Specimen 0.0062 585 470 943 1071
Specimen 0.0052 420 -331 1890 1779
Specimen 0.0049 581 -18 1281 1261
Specimen 0.0048 249 790 897 1439
Specimen 0.0046 1195 1192 1554 1702
Specimen 0.0045 -342 1623 -77 1805
Specimen 0.0044 -259 1607 39 1790
Specimen 0.0043 585 55 922 668
Specimen 0.0041 253 72 546 692
Specimen 0.0039 617 934 963 1329
Specimen 0.0037 592 237 939 875
Specimen 0.0031 -284 964 6 1409
Specimen 0.0030 83 156 570 760
Specimen 0.0028 685 1416 1074 1804
Specimen 0.0028 -207 999 58 1508
Specimen 0.0027 147 1406 523 1802
Specimen 0.0026 1015 472 1422 1206
Specimen 0.0026 -205 198 56 688
Specimen 0.0025 -238 1040 -27 1335
Specimen 0.0025 -309 1679 -56 1771
Specimen 0.0024 1200 494 1487 1192
Specimen 0.0024 700 742 832 916
Specimen 0.0024 175 -21 967 394
Specimen 0.0024 61 570 618 1246
Specimen 0.0024 1112 23 1471 571
Specimen 0.0023 40 1411 367 1805
Specimen 0.0022 342 -55 884 264
Specimen 0.0022 1189 53 1438 407
Specimen 0.0021 -268 879 -13 1231
Specimen 0.0021 -286 1194 0 1581
Specimen 0.0021 717 351 981 1024
Specimen 0.0021 -219 38 53 421
Specimen 0.0020 -178 1098 38 1409
Specimen 0.0020 -172 108 13 374
Specimen 0.0020 545 1401 940 1805
Specimen 0.0020 -352 1221 -71 1682
Specimen 0.0019 1213 1681 1491 1765
Specimen 0.0019 135 -221 1040 620
Specimen 0.0019 -289 1452 -120 1768
Specimen 0.0019 1128 345 1448 804
Specimen 0.0018 -190 929 25 1319
Specimen 0.0018 15 795 232 1267
Specimen 0.0018 -293 1298 -132 1635
Specimen 0.0018 271 1403 669 1801
Specimen 0.0017 584 785 1097 1455
Specimen 0.0017 -377 1073 -43 1559
Specimen 0.0017 -251 262 -22 656
Specimen 0.0017 -281 457 0 824
Specimen 0.0017 -227 1264 -36 1511
Specimen 0.0016 382 0 839 872
Specimen 0.0016 -159 251 -8 508
Specimen 0.0016 414 104 667 652
Specimen 0.0016 1300 952 1519 1420
Specimen 0.0015 322 12 907 175
Specimen 0.0015 1226 658 1467 1054
Specimen 0.0015 1226 3 1470 224
Specimen 0.0015 547 403 688 966
Specimen 0.0015 1125 1041 1453 1461
Specimen 0.0015 -289 1588 -80 1755
Specimen 0.0015 -308 1558 -223 1778
Specimen 0.0015 -277 1317 -4 1732
Specimen 0.0015 856 1417 1170 1797
Specimen 0.0014 -206 1411 52 1779
Specimen 0.0014 1294 674 1527 1155
Specimen 0.0014 17 1565 259 1771
Specimen 0.0014 714 224 1146 1197
Specimen 0.0014 -158 71 281 976
Specimen 0.0014 -324 1158 -76 1483
Specimen 0.0014 -231 862 -43 1111
Specimen 0.0014 1294 481 1524 942
Specimen 0.0014 -244 1456 -37 1768
Specimen 0.0014 420 1394 796 1803
Specimen 0.0014 -326 1408 -209 1774
Specimen 0.0014 531 -21 1166 747
Specimen 0.0014 1232 565 1471 888
Specimen 0.0013 -157 1203 5 1433
Specimen 0.0013 1293 279 1526 741
Specimen 0.0013 -330 1632 -211 1808
Specimen 0.0013 -280 732 -4 1093
Specimen 0.0013 416 558 833 989
Specimen 0.0013 -374 886 -42 1350
Specimen 0.0013 1346 1045 1494 1320
Specimen 0.0013 726 1032 927 1334
Specimen 0.0013 -231 584 -33 829
Specimen 0.0013 -287 592 3 960
Specimen 0.0013 1287 34 1530 575
Specimen 0.0013 284 716 804 1127
Specimen 0.0013 81 1534 467 1791
Specimen 0.0012 -206 1270 50 1649
Specimen 0.0012 1117 719 1461 1244
Specimen 0.0012 -247 168 -35 479
Specimen 0.0012 -165 1477 21 1713
Specimen 0.0012 1223 883 1471 1354
Specimen 0.0012 767 1539 1136 1783
Specimen 0.0012 488 25 936 353
Specimen 0.0012 327 871 614 1468
Specimen 0.0011 -351 1581 -184 1851
Specimen 0.0011 -134 788 254 1734
Specimen 0.0011 -302 1558 -255 1748
Specimen 0.0011 -314 924 -83 1190
Specimen 0.0011 184 1577 635 1754
Specimen 0.0011 1173 -16 1416 153
Specimen 0.0011 1242 1100 1475 1443
Specimen 0.0011 217 46 452 459
Specimen 0.0011 -353 781 -62 1181
Specimen 0.0011 162 132 369 624
Specimen 0.0011 1134 1291 1465 1748
Specimen 0.0011 1241 -19 1482 119
Specimen 0.0011 -190 -5 30 109
Specimen 0.0010 1342 1173 1495 1456
Specimen 0.0010 820 612 920 670
Specimen 0.0010 1166 982 1414 1293
Specimen 0.0010 815 560 928 655
Specimen 0.0010 372 851 836 1242
Specimen 0.0010 254 269 813 716
Specimen 0.0010 -157 1416 12 1633
Specimen 0.0010 -385 196 -35 674
Specimen 0.0010 246 29 692 441
Specimen 0.0010 -206 530 49 893
Specimen 0.0010 10 -70 229 664
Specimen 0.0010 -233 728 -36 965
Specimen 0.0010 1341 285 1494 580
Specimen 0.0010 -366 494 -50 915
Specimen 0.0010 1216 190 1475 691
