Label 0.8558 680 1261 1105 1531
Label 0.8033 839 1145 1096 1266
Label 0.6651 462 1391 665 1516
Label 0.1015 479 1404 617 1485
Label 0.0925 915 763 1120 1177
Label 0.0320 771 1305 1035 1481
Label 0.0311 869 1414 1073 1467
Label 0.0285 468 1320 695 1461
Label 0.0267 874 1170 1028 1254
Label 0.0266 817 1140 1106 1492
Label 0.0159 1088 965 1510 1581
Label 0.0132 1149 1100 1468 1488
Label 0.0127 36 1498 579 1758
Label 0.0119 853 1195 1098 1305
Label 0.0117 1140 1232 1471 1651
Label 0.0111 385 1482 1026 1740
Label 0.0108 353 1360 1082 1819
Label 0.0108 -29 1375 637 1823
Label 0.0107 1146 952 1468 1367
Label 0.0105 1149 1412 1471 1758
Label 0.0092 781 1474 1176 1733
Label 0.0083 154 532 227 722
Label 0.0079 755 1354 1107 1509
Label 0.0078 815 791 1072 1172
Label 0.0078 467 1302 727 1565
Label 0.0077 891 1422 1058 1502
Label 0.0075 136 1559 1006 1779
Label 0.0067 1071 702 1501 1303
Label 0.0061 1154 814 1454 1226
Label 0.0061 677 1421 1086 1713
Label 0.0061 -36 1559 419 1784
Label 0.0057 915 657 1691 1897
Label 0.0057 1053 192 1536 1037
Label 0.0055 102 -13 1085 115
Label 0.0052 198 1014 699 1532
Label 0.0050 572 1562 1131 1762
Label 0.0049 -326 911 761 2189
Label 0.0048 850 1432 1400 1752
Label 0.0048 -608 460 456 1843
Label 0.0047 283 773 503 908
Label 0.0047 241 1100 1235 1981
Label 0.0045 1186 1283 1552 1821
Label 0.0044 1192 778 1561 1507
Label 0.0043 811 1257 1447 1861
Label 0.0041 264 728 420 878
Label 0.0041 296 799 407 870
Label 0.0041 893 1156 1156 1323
Label 0.0040 25 -63 1120 415
Label 0.0039 1117 532 1477 980
Label 0.0038 675 1280 1094 1419
Label 0.0037 251 796 441 1003
Label 0.0037 832 1043 1144 1338
Label 0.0037 833 1571 1373 1795
Label 0.0036 -253 1426 388 1919
Label 0.0035 73 803 871 1527
Label 0.0034 99 931 548 1448
Label 0.0034 1194 1591 1530 1780
Label 0.0033 347 1110 1090 1507
Label 0.0033 298 827 514 984
Label 0.0030 884 442 1104 796
Label 0.0029 781 1247 1101 1383
Label 0.0029 597 -127 1426 1318
Label 0.0028 817 435 1093 1085
Label 0.0028 81 1294 570 1578
Label 0.0028 1218 620 1532 1188
Label 0.0028 1185 437 1403 739
Label 0.0027 419 1163 761 1558
Label 0.0026 1162 1673 1468 1762
Label 0.0025 962 1155 1621 2179
Label 0.0025 1164 368 1590 1382
Label 0.0025 326 968 1094 1382
Label 0.0025 533 1390 698 1538
Label 0.0024 -579 -208 452 1162
Label 0.0024 1187 664 1398 1041
Label 0.0024 1190 567 1403 877
Label 0.0023 258 566 1195 1692
Label 0.0023 1144 458 1297 707
Label 0.0022 1184 1059 1425 1320
Label 0.0022 856 1288 1272 1571
Label 0.0022 1156 253 1306 488
Label 0.0022 751 1496 1015 1746
Label 0.0022 350 1504 601 1741
Label 0.0022 5 1224 386 1621
Label 0.0021 766 -250 1512 382
Label 0.0021 785 258 1178 959
Label 0.0021 213 1497 463 1749
Label 0.0021 632 1502 862 1736
Label 0.0021 1141 605 1302 836
Label 0.0021 1186 934 1423 1178
Label 0.0020 -203 4 398 1458
Label 0.0020 70 1484 328 1762
Label 0.0020 322 -9 1083 646
Label 0.0019 834 1422 1073 1548
Label 0.0019 110 2 727 64
Label 0.0018 -243 915 -38 1215
Label 0.0018 -45 -105 695 490
Label 0.0018 235 546 430 867
Label 0.0018 1152 393 1306 625
Label 0.0018 3 1118 643 1698
Label 0.0017 1157 105 1308 368
Label 0.0017 1154 935 1300 1171
Label 0.0017 452 6 1041 108
Label 0.0017 -187 113 42 352
Label 0.0017 565 1417 675 1508
Label 0.0017 1094 118 1338 480
Label 0.0017 1189 1330 1430 1604
Label 0.0016 1139 796 1298 1055
Label 0.0016 1199 314 1423 573
Label 0.0016 -162 1001 -2 1249
Label 0.0016 -163 250 -8 509
Label 0.0016 1151 1063 1301 1311
Label 0.0015 1348 448 1492 699
Label 0.0015 -25 -176 974 863
Label 0.0015 1195 152 1428 451
Label 0.0015 1187 1206 1428 1443
Label 0.0014 -324 -108 99 517
Label 0.0014 -244 1254 -35 1542
Label 0.0014 151 453 243 527
Label 0.0014 1150 1287 1302 1499
Label 0.0014 1087 710 1349 1113
Label 0.0014 598 909 769 1187
Label 0.0014 589 -134 1392 519
Label 0.0014 921 1420 1102 1573
Label 0.0013 1251 743 1458 1104
Label 0.0013 1099 860 1334 1234
Label 0.0013 1158 677 1298 887
Label 0.0013 1341 1117 1491 1384
Label 0.0013 696 991 1177 1515
Label 0.0013 856 1362 1069 1479
Label 0.0013 236 -132 1149 249
Label 0.0013 -167 1464 17 1746
Label 0.0013 1143 1204 1307 1440
Label 0.0013 137 891 252 1316
Label 0.0013 1352 589 1491 829
Label 0.0013 490 1489 729 1743
Label 0.0013 797 464 1413 1535
Label 0.0012 -244 780 -41 1071
Label 0.0012 857 1573 1174 1760
Label 0.0012 570 14 797 140
Label 0.0012 1011 1421 1093 1467
Label 0.0012 -239 1389 -41 1689
Label 0.0012 600 1178 1398 2163
Label 0.0012 1144 1727 1477 1770
Label 0.0012 304 1576 797 1754
Label 0.0012 1267 448 1461 705
Label 0.0012 -245 572 -35 866
Label 0.0012 1153 744 1299 958
Label 0.0012 1347 308 1496 565
Label 0.0012 1343 981 1489 1252
Label 0.0012 174 366 247 611
Label 0.0012 450 1420 588 1520
Label 0.0012 315 734 469 873
Label 0.0012 -250 423 -31 751
Label 0.0012 1098 1000 1334 1363
Label 0.0012 1150 -11 1333 98
Label 0.0012 -233 727 -33 964
Label 0.0012 -125 -244 490 363
Label 0.0011 -299 1311 -127 1627
Label 0.0011 -169 873 28 1083
Label 0.0011 912 1190 1070 1267
Label 0.0011 752 1153 1067 1324
Label 0.0011 825 1141 1368 1660
Label 0.0011 1315 1185 1508 1472
Label 0.0011 967 1172 1109 1520
Label 0.0011 252 636 445 953
Label 0.0011 -165 524 8 779
Label 0.0011 -357 1013 -51 1369
Label 0.0011 -174 2 9 188
Label 0.0011 1146 1422 1314 1639
Label 0.0011 1351 798 1489 1030
Label 0.0011 -320 901 -94 1239
Label 0.0010 1154 1360 1298 1559
Label 0.0010 654 915 824 1182
Label 0.0010 -163 1342 12 1580
Label 0.0010 1101 1221 1328 1550
Label 0.0010 1272 596 1461 831
Label 0.0010 666 864 855 1090
Label 0.0010 860 1158 986 1197
Label 0.0010 1123 1493 1340 1717
Label 0.0010 383 -478 1374 578
Label 0.0010 926 1153 1083 1230
Label 0.0010 292 875 427 982
Label 0.0010 1325 651 1501 921
Label 0.0010 -171 188 11 414
Label 0.0010 265 747 540 1065
Label 0.0010 -172 933 18 1160
Label 0.0010 268 610 394 785
Barcode 0.7107 478 1343 693 1414
Barcode 0.3717 -2 892 116 975
Barcode 0.3362 7 145 117 226
Barcode 0.0740 543 1344 673 1403
Barcode 0.0140 470 1372 631 1437
Barcode 0.0113 484 1351 618 1401
Barcode 0.0110 90 418 224 520
Barcode 0.0088 106 450 220 501
Barcode 0.0079 1137 5 1464 164
Barcode 0.0079 1045 -49 1542 712
Barcode 0.0077 -278 26 9 124
Barcode 0.0076 1110 156 1469 536
Barcode 0.0066 1136 48 1459 382
Barcode 0.0062 -194 1438 310 1754
Barcode 0.0060 -326 1226 101 1632
Barcode 0.0058 1098 333 1492 660
Barcode 0.0057 1108 460 1489 787
Barcode 0.0053 -317 939 124 1415
Barcode 0.0053 -1 112 112 198
Barcode 0.0048 -265 1601 43 1787
Barcode 0.0048 -280 1408 82 1765
Barcode 0.0047 1205 1204 1548 1672
Barcode 0.0046 -356 827 123 1244
Barcode 0.0044 -194 1572 317 1808
Barcode 0.0044 -369 608 161 1425
Barcode 0.0043 -349 1617 -69 1805
Barcode 0.0042 -425 1207 21 1901
Barcode 0.0040 1048 -208 1554 378
Barcode 0.0039 -483 1071 32 1521
Barcode 0.0038 832 259 1456 714
Barcode 0.0034 14 -14 895 126
Barcode 0.0033 -351 387 123 846
Barcode 0.0033 -366 720 163 1081
Barcode 0.0032 -393 292 194 1179
Barcode 0.0032 -364 553 155 964
Barcode 0.0032 1162 183 1601 1316
Barcode 0.0031 875 330 1126 649
Barcode 0.0029 35 433 193 530
Barcode 0.0029 -471 -87 59 779
Barcode 0.0027 -463 149 41 570
Barcode 0.0027 -376 70 -19 322
Barcode 0.0027 875 -52 1408 184
Barcode 0.0025 858 -14 1418 417
Barcode 0.0024 697 78 1276 611
Barcode 0.0024 66 25 820 393
Barcode 0.0022 174 117 990 576
Barcode 0.0021 295 821 375 877
Barcode 0.0021 803 451 1449 1051
Barcode 0.0021 693 -33 1273 150
Barcode 0.0021 466 1331 577 1416
Barcode 0.0019 -69 -29 381 195
Barcode 0.0017 76 450 179 507
Barcode 0.0011 519 27 1175 381
Color Chart 0.6370 -4 153 108 227
Color Chart 0.6191 0 901 113 975
Color Chart 0.0169 -20 114 123 272
Color Chart 0.0127 17 883 143 962
Color Chart 0.0110 38 875 169 998
Color Chart 0.0099 -16 860 129 1026
Color Chart 0.0091 75 440 237 508
Color Chart 0.0087 12 138 138 213
Color Chart 0.0086 284 2 1075 57
Color Chart 0.0070 -708 696 578 2139
Color Chart 0.0069 61 155 146 217
Color Chart 0.0068 873 780 1726 2056
Color Chart 0.0060 632 -460 1970 1124
Color Chart 0.0057 -255 1230 373 1903
Color Chart 0.0052 155 512 228 696
Color Chart 0.0047 -39 -341 1246 707
Color Chart 0.0044 -515 879 84 1670
Color Chart 0.0042 -798 -99 673 1570
Color Chart 0.0032 -508 44 78 903
Color Chart 0.0029 33 452 198 525
Color Chart 0.0028 -245 1090 681 2254
Color Chart 0.0027 795 -5 1495 946
Color Chart 0.0027 10 851 107 939
Color Chart 0.0027 63 464 182 509
Color Chart 0.0025 10 334 243 1152
Color Chart 0.0024 -9 825 122 966
Color Chart 0.0024 93 1217 1113 2114
Color Chart 0.0023 606 5 1170 61
Color Chart 0.0023 823 -280 1786 1738
Color Chart 0.0022 -833 -654 463 1059
Color Chart 0.0022 684 1084 1612 2265
Color Chart 0.0020 -9 916 162 1202
Color Chart 0.0018 -71 777 770 2020
Color Chart 0.0018 -396 -182 50 342
Color Chart 0.0016 139 540 209 713
Color Chart 0.0016 28 885 140 1133
Color Chart 0.0015 460 -618 1595 718
Color Chart 0.0015 -39 165 57 208
Color Chart 0.0015 1 211 111 274
Color Chart 0.0014 6 949 117 1056
Color Chart 0.0014 58 1492 124 1531
Color Chart 0.0011 69 140 156 191
Color Chart 0.0011 -260 -715 673 813
Color Chart 0.0010 -31 909 48 959
Scale 0.7731 4 239 117 767
Scale 0.7680 4 989 125 1522
Scale 0.4304 170 745 271 1189
Scale 0.1947 157 480 239 757
Scale 0.1261 -10 200 210 796
Scale 0.0866 106 152 264 767
Scale 0.0827 167 409 261 1242
Scale 0.0393 114 397 224 770
Scale 0.0381 30 309 106 689
Scale 0.0349 935 768 1119 1164
Scale 0.0303 163 120 252 703
Scale 0.0125 123 391 316 1229
Scale 0.0118 46 867 159 1004
Scale 0.0091 120 343 236 1070
Scale 0.0074 33 1055 113 1432
Scale 0.0072 -45 829 128 1434
Scale 0.0060 28 717 215 1371
Scale 0.0058 -390 1037 186 1791
Scale 0.0055 -332 781 153 1538
Scale 0.0052 64 812 192 1285
Scale 0.0052 1168 1031 1589 1798
Scale 0.0036 -23 919 122 1210
Scale 0.0033 -379 205 180 982
Scale 0.0033 85 867 166 1146
Scale 0.0030 88 726 300 1272
Scale 0.0026 36 151 148 226
Scale 0.0025 175 757 265 970
Scale 0.0020 633 -96 1342 734
Scale 0.0020 -64 69 125 693
Scale 0.0019 -103 1173 202 1619
Scale 0.0017 156 293 243 625
Scale 0.0017 27 915 142 1166
Scale 0.0015 1089 45 1345 418
Scale 0.0015 1099 395 1338 753
Scale 0.0014 178 279 320 851
Scale 0.0013 131 791 224 1164
Scale 0.0012 1089 249 1339 626
Scale 0.0010 -171 56 31 283
Scale 0.0010 138 869 198 1145
Specimen 0.6953 239 127 1080 1247
Specimen 0.2240 166 146 258 773
Specimen 0.1437 160 372 247 1187
Specimen 0.0652 88 315 279 1260
Specimen 0.0141 57 147 278 935
Specimen 0.0098 165 424 311 1269
Specimen 0.0079 135 246 359 1173
Specimen 0.0069 444 273 807 1130
Specimen 0.0054 556 329 1078 1200
Specimen 0.0044 -300 0 -17 124
Specimen 0.0043 11 448 936 1540
Specimen 0.0040 698 634 1054 1159
Specimen 0.0035 42 46 609 1207
Specimen 0.0032 1113 445 1466 1106
Specimen 0.0031 770 1425 1126 1804
Specimen 0.0030 252 198 586 726
Specimen 0.0029 290 503 943 1143
Specimen 0.0029 175 165 333 655
Specimen 0.0027 1131 363 1447 787
Specimen 0.0027 1220 -10 1470 148
Specimen 0.0024 594 1424 1031 1803
Specimen 0.0023 -217 944 61 1436
Specimen 0.0023 115 1413 552 1803
Specimen 0.0021 342 695 1073 1317
Specimen 0.0021 690 569 1156 1405
Specimen 0.0021 1200 64 1430 395
Specimen 0.0021 655 113 1317 1358
Specimen 0.0020 211 572 998 1990
Specimen 0.0020 -210 192 55 692
Specimen 0.0020 -280 870 0 1235
Specimen 0.0020 -314 1674 -53 1774
Specimen 0.0020 803 360 1072 1189
Specimen 0.0019 -242 977 -36 1288
Specimen 0.0019 -160 1021 2 1368
Specimen 0.0018 278 245 939 900
Specimen 0.0018 1215 1681 1489 1766
Specimen 0.0018 1204 593 1496 1235
Specimen 0.0018 -217 34 49 424
Specimen 0.0018 -159 274 1 629
Specimen 0.0017 -307 1570 -78 1784
Specimen 0.0017 349 1403 735 1803
Specimen 0.0017 1126 1042 1456 1463
Specimen 0.0017 1128 1229 1455 1682
Specimen 0.0016 -168 105 10 373
Specimen 0.0016 1118 213 1456 664
Specimen 0.0016 -235 226 -45 538
Specimen 0.0016 -69 109 383 881
Specimen 0.0016 -273 1412 -9 1784
Specimen 0.0016 190 233 493 1032
Specimen 0.0016 1294 349 1521 807
Specimen 0.0016 1079 560 1356 992
Specimen 0.0015 816 1544 1137 1758
Specimen 0.0015 1300 1011 1519 1499
Specimen 0.0015 1099 458 1338 824
Specimen 0.0015 -284 1200 2 1576
Specimen 0.0015 674 300 1052 683
Specimen 0.0015 1283 506 1532 1056
Specimen 0.0015 1300 788 1522 1316
Specimen 0.0015 1247 1020 1465 1381
Specimen 0.0014 -387 936 -22 1431
Specimen 0.0014 1247 432 1459 744
Specimen 0.0014 143 -19 272 676
Specimen 0.0014 -255 1077 -24 1459
Specimen 0.0014 1144 -19 1318 120
Specimen 0.0014 -298 1470 -90 1734
Specimen 0.0014 353 -78 988 232
Specimen 0.0014 -286 732 5 1096
Specimen 0.0014 1181 142 1401 494
Specimen 0.0014 -30 281 455 1370
Specimen 0.0014 1250 658 1454 1050
Specimen 0.0014 477 -28 1264 985
Specimen 0.0013 -231 863 -40 1105
Specimen 0.0013 -288 367 6 776
Specimen 0.0013 -351 1235 -68 1671
Specimen 0.0013 1254 563 1456 882
Specimen 0.0013 -168 1479 26 1711
Specimen 0.0013 1173 -11 1423 231
Specimen 0.0012 -18 1414 289 1796
Specimen 0.0012 166 91 504 655
Specimen 0.0012 1151 27 1295 333
Specimen 0.0012 -283 527 1 889
Specimen 0.0012 127 842 271 1377
Specimen 0.0012 1288 129 1528 617
Specimen 0.0012 186 982 617 1514
Specimen 0.0012 71 591 574 1437
Specimen 0.0012 240 245 451 772
Specimen 0.0012 11 1565 267 1776
Specimen 0.0012 -222 1347 -38 1566
Specimen 0.0012 -212 786 52 1174
Specimen 0.0011 -231 1410 -29 1647
Specimen 0.0011 -336 1402 -204 1775
Specimen 0.0011 1334 391 1496 645
Specimen 0.0011 1244 1159 1467 1508
Specimen 0.0011 -212 462 54 829
Specimen 0.0011 -362 778 -51 1185
Specimen 0.0011 -350 1643 -177 1798
Specimen 0.0011 -212 1334 57 1721
Specimen 0.0011 -317 1563 -218 1779
Specimen 0.0011 -14 93 178 710
Specimen 0.0010 -299 1323 -109 1588
Specimen 0.0010 462 159 1047 752
Specimen 0.0010 -74 352 196 1212
Specimen 0.0010 401 814 816 1271
Specimen 0.0010 -265 -8 -92 165
Specimen 0.0010 -205 1513 53 1808
