Label 0.7921 629 1493 880 1648
Label 0.7687 117 1634 517 1762
Label 0.1149 47 45 256 166
Label 0.0312 190 1651 451 1738
Label 0.0305 887 1365 1001 1459
Label 0.0270 22 161 184 288
Label 0.0263 878 1442 1084 1743
Label 0.0238 3 182 171 379
Label 0.0218 730 486 1051 786
Label 0.0154 934 1315 1086 1431
Label 0.0153 685 1723 1060 1761
Label 0.0153 678 1675 1070 1762
Label 0.0145 116 1574 535 1841
Label 0.0133 625 1481 1038 1737
Label 0.0121 1158 1538 1462 1757
Label 0.0117 1004 1308 1102 1441
Label 0.0112 754 1612 888 1665
Label 0.0107 691 441 1158 999
Label 0.0101 931 1694 1080 1749
Label 0.0098 1068 933 1542 1655
Label 0.0097 802 1344 1007 1457
Label 0.0093 -92 89 268 555
Label 0.0087 1135 1111 1480 1515
Label 0.0083 -25 1134 154 1700
Label 0.0078 632 1598 1006 1756
Label 0.0078 924 1719 1087 1763
Label 0.0077 -3 65 602 696
Label 0.0077 0 479 172 681
Label 0.0076 147 1634 1008 1770
Label 0.0073 730 1645 930 1734
Label 0.0072 756 1569 884 1655
Label 0.0068 1099 125 1541 1093
Label 0.0068 1126 441 1510 808
Label 0.0068 805 1696 1086 1767
Label 0.0067 1201 1410 1515 1748
Label 0.0064 24 979 227 1269
Label 0.0062 1115 589 1508 934
Label 0.0059 6 -31 278 224
Label 0.0058 897 1289 1079 1540
Label 0.0058 73 16 871 121
Label 0.0057 9 1154 319 1691
Label 0.0053 86 -11 1023 318
Label 0.0053 -4 1730 118 1764
Label 0.0051 177 1444 994 1757
Label 0.0051 863 1224 1350 1645
Label 0.0051 897 1519 1060 1699
Label 0.0050 57 1185 560 1682
Label 0.0050 452 39 1500 1405
Label 0.0048 -99 920 472 1669
Label 0.0047 1031 561 1589 1481
Label 0.0046 -447 -420 577 1039
Label 0.0044 900 1116 1088 1452
Label 0.0044 868 1390 1262 1736
Label 0.0044 1084 699 1523 1104
Label 0.0043 700 909 1586 1902
Label 0.0043 990 1333 1081 1424
Label 0.0042 -324 -113 87 560
Label 0.0041 887 1098 1307 1499
Label 0.0041 607 117 1316 1099
Label 0.0041 -13 663 183 898
Label 0.0040 -10 963 379 1361
Label 0.0040 10 548 518 993
Label 0.0040 586 1621 818 1749
Label 0.0038 -3 235 159 514
Label 0.0038 -303 160 710 1600
Label 0.0037 841 1253 1104 1429
Label 0.0036 27 865 228 1123
Label 0.0036 14 1517 422 1748
Label 0.0035 59 65 851 1416
Label 0.0035 1164 1679 1468 1760
Label 0.0034 -222 705 368 1598
Label 0.0033 -55 450 188 800
Label 0.0033 753 -178 1838 1383
Label 0.0033 -17 399 184 634
Label 0.0033 627 155 1077 775
Label 0.0032 710 1533 877 1662
Label 0.0032 16 509 252 761
Label 0.0032 -31 3 655 423
Label 0.0031 855 1565 1349 1799
Label 0.0031 -102 229 493 757
Label 0.0031 -41 41 245 399
Label 0.0030 28 292 585 912
Label 0.0030 462 1691 897 1767
Label 0.0030 -87 1606 202 1787
Label 0.0029 22 791 249 1038
Label 0.0029 552 1726 902 1759
Label 0.0029 971 1271 1129 1503
Label 0.0029 4 1035 172 1329
Label 0.0028 -4 1304 113 1740
Label 0.0027 174 599 620 1091
Label 0.0027 864 1372 968 1437
Label 0.0027 15 1623 119 1748
Label 0.0026 850 1601 1082 1746
Label 0.0026 -36 1566 102 1770
Label 0.0026 137 59 752 895
Label 0.0026 -62 28 685 150
Label 0.0025 73 446 777 1099
Label 0.0025 11 1680 120 1760
Label 0.0025 -72 592 198 947
Label 0.0024 980 1302 1087 1401
Label 0.0024 1058 -139 1537 341
Label 0.0024 558 1575 855 1774
Label 0.0023 1231 761 1462 1090
Label 0.0023 1158 603 1301 821
Label 0.0023 -60 267 194 606
Label 0.0023 134 1189 1077 1883
Label 0.0022 81 1131 474 1518
Label 0.0022 422 25 1084 421
Label 0.0022 -356 1240 146 1850
Label 0.0022 1161 468 1297 687
Label 0.0022 857 -99 1450 528
Label 0.0022 1203 450 1438 714
Label 0.0022 1200 589 1444 842
Label 0.0022 55 496 519 795
Label 0.0021 50 145 514 472
Label 0.0021 -97 1246 207 1801
Label 0.0021 110 40 829 250
Label 0.0021 295 741 510 977
Label 0.0021 808 1444 1423 1874
Label 0.0020 716 555 1031 965
Label 0.0020 790 573 1072 827
Label 0.0020 95 638 573 915
Label 0.0020 28 323 215 577
Label 0.0019 303 920 509 1201
Label 0.0019 94 737 786 1350
Label 0.0019 62 -206 1088 898
Label 0.0019 268 811 551 1020
Label 0.0018 347 1644 875 1749
Label 0.0018 16 602 228 852
Label 0.0018 1315 802 1501 1046
Label 0.0018 -195 161 579 1076
Label 0.0018 658 1310 1081 1757
Label 0.0018 79 783 493 1041
Label 0.0018 -256 1389 -30 1681
Label 0.0018 -96 -40 761 236
Label 0.0017 -37 662 292 1021
Label 0.0017 997 1179 1591 2130
Label 0.0017 1 49 55 145
Label 0.0017 915 1660 1060 1737
Label 0.0017 1191 1119 1436 1395
Label 0.0017 -12 920 186 1216
Label 0.0017 1141 1727 1481 1769
Label 0.0017 387 992 538 1246
Label 0.0017 52 906 343 1224
Label 0.0016 -313 1364 -106 1703
Label 0.0016 278 871 541 1098
Label 0.0016 1158 740 1306 953
Label 0.0016 1128 1470 1351 1718
Label 0.0016 -15 1349 451 1783
Label 0.0016 1054 1676 1428 1783
Label 0.0016 126 978 399 1290
Label 0.0016 1236 911 1462 1220
Label 0.0016 1159 937 1303 1161
Label 0.0015 502 1624 1010 1822
Label 0.0015 377 583 571 858
Label 0.0015 11 167 132 265
Label 0.0015 1155 1139 1300 1367
Label 0.0015 621 1406 949 1640
Label 0.0015 983 1048 1127 1334
Label 0.0015 378 738 552 969
Label 0.0015 936 1362 1077 1448
Label 0.0015 1192 729 1449 966
Label 0.0015 734 324 1009 714
Label 0.0015 -228 451 -19 695
Label 0.0015 -203 -426 380 541
Label 0.0015 1317 933 1501 1187
Label 0.0015 26 1233 197 1702
Label 0.0014 -267 1576 -22 1776
Label 0.0014 1314 668 1501 911
Label 0.0014 1137 1208 1301 1453
Label 0.0014 36 700 406 982
Label 0.0014 801 481 1070 685
Label 0.0014 119 284 443 756
Label 0.0013 1346 851 1486 1114
Label 0.0013 -33 16 80 186
Label 0.0013 -129 197 159 411
Label 0.0013 -220 1203 -29 1445
Label 0.0013 -228 594 -19 824
Label 0.0013 207 924 462 1174
Label 0.0013 530 278 938 743
Label 0.0013 449 1726 742 1760
Label 0.0013 322 24 637 151
Label 0.0013 366 934 571 1164
Label 0.0013 -33 1078 505 1997
Label 0.0013 -16 -14 572 73
Label 0.0012 651 -52 1097 302
Label 0.0012 763 1684 988 1752
Label 0.0012 1157 1270 1438 1688
Label 0.0012 260 1671 422 1719
Label 0.0012 -216 1075 -25 1306
Label 0.0012 -54 1466 86 1745
Label 0.0012 1313 1054 1505 1338
Label 0.0012 243 215 554 810
Label 0.0012 -217 944 -25 1166
Label 0.0012 -99 35 130 183
Label 0.0011 229 996 426 1260
Label 0.0011 670 1510 831 1622
Label 0.0011 20 775 381 1171
Label 0.0011 -174 1484 18 1722
Label 0.0011 -320 1181 -76 1464
Label 0.0011 -214 -19 65 108
Label 0.0011 748 1649 870 1718
Label 0.0011 7 504 103 620
Label 0.0011 1329 1682 1518 1780
Label 0.0011 895 1441 1056 1588
Label 0.0011 1079 613 1260 825
Label 0.0011 156 1286 496 1648
Label 0.0011 -17 89 198 294
Label 0.0011 358 91 598 384
Label 0.0011 56 1025 332 1486
Label 0.0010 537 520 981 780
Label 0.0010 199 434 593 855
Label 0.0010 -326 348 -63 662
Label 0.0010 705 1636 1065 1808
Label 0.0010 1085 1176 1348 1595
Label 0.0010 1078 749 1258 958
Label 0.0010 930 756 1094 1083
Label 0.0010 -130 266 150 479
Label 0.0010 -186 6 23 203
Label 0.0010 1079 957 1257 1161
Label 0.0010 -177 1404 32 1645
Label 0.0010 1078 884 1257 1095
Label 0.0010 214 1547 709 1809
Label 0.0010 159 1551 518 1736
Label 0.0010 20 40 531 285
Label 0.0010 -113 69 141 257
Label 0.0010 486 1641 755 1747
Label 0.0010 -227 882 -17 1089
Label 0.0010 -172 312 31 565
Label 0.0010 23 1027 213 1474
Barcode 0.8194 52 75 255 163
Barcode 0.0155 948 991 1153 1323
Barcode 0.0109 896 1364 1002 1452
Barcode 0.0087 -58 1012 178 1594
Barcode 0.0083 -186 874 313 1740
Barcode 0.0083 -289 17 14 130
Barcode 0.0071 876 837 1281 1473
Barcode 0.0070 -367 39 -4 382
Barcode 0.0069 1086 996 1514 1352
Barcode 0.0068 -429 -146 67 579
Barcode 0.0051 -345 117 125 596
Barcode 0.0049 1078 854 1529 1214
Barcode 0.0048 37 4 1074 144
Barcode 0.0045 848 534 1420 987
Barcode 0.0044 -106 285 245 687
Barcode 0.0043 -68 994 213 1306
Barcode 0.0042 1182 859 1597 1724
Barcode 0.0042 -451 1219 1 1670
Barcode 0.0042 -388 286 192 710
Barcode 0.0042 1218 1068 1534 1564
Barcode 0.0041 -439 -95 253 1069
Barcode 0.0041 -33 -179 1159 541
Barcode 0.0039 693 208 1293 1548
Barcode 0.0039 -353 1065 151 1558
Barcode 0.0038 -237 24 360 936
Barcode 0.0038 -156 662 523 1131
Barcode 0.0036 786 629 1177 1180
Barcode 0.0035 903 192 1360 774
Barcode 0.0034 64 866 823 1500
Barcode 0.0034 -478 987 22 1371
Barcode 0.0033 -75 836 445 1241
Barcode 0.0033 799 138 1483 1088
Barcode 0.0032 1117 -2 1470 180
Barcode 0.0032 -430 417 238 850
Barcode 0.0031 -478 831 25 1238
Barcode 0.0029 247 354 873 1160
Barcode 0.0029 575 307 660 397
Barcode 0.0029 -273 1591 59 1797
Barcode 0.0027 -407 1383 -33 1776
Barcode 0.0025 -375 1609 -76 1819
Barcode 0.0024 571 236 663 333
Barcode 0.0021 904 -16 1381 455
Barcode 0.0020 -607 107 185 1407
Barcode 0.0020 -119 419 496 847
Barcode 0.0020 -495 534 44 1001
Barcode 0.0019 722 184 1198 740
Barcode 0.0018 694 3 1042 223
Barcode 0.0015 17 156 183 242
Barcode 0.0015 1170 -194 1615 377
Barcode 0.0015 -299 497 395 1025
Barcode 0.0015 -1 50 52 143
Barcode 0.0014 -481 567 259 1221
Barcode 0.0013 1012 1016 1066 1068
Barcode 0.0013 930 -54 1348 179
Barcode 0.0012 535 189 686 354
Barcode 0.0011 764 -33 1200 201
Color Chart 0.6143 763 81 1012 432
Color Chart 0.0409 51 50 261 169
Color Chart 0.0075 506 247 1796 2031
Color Chart 0.0071 -856 -359 474 1048
Color Chart 0.0066 -463 482 608 2083
Color Chart 0.0066 -490 -96 83 775
Color Chart 0.0060 918 -244 1702 952
Color Chart 0.0057 -187 660 1107 1648
Color Chart 0.0050 812 196 960 350
Color Chart 0.0048 -526 1052 93 1782
Color Chart 0.0047 763 151 1525 1353
Color Chart 0.0044 884 657 1712 1909
Color Chart 0.0042 -561 620 133 1686
Color Chart 0.0041 466 -138 1856 1337
Color Chart 0.0040 -722 -150 1127 1850
Color Chart 0.0034 -818 894 403 2198
Color Chart 0.0032 630 177 1065 748
Color Chart 0.0031 -572 66 145 1155
Color Chart 0.0031 -605 -669 223 795
Color Chart 0.0027 -330 -177 750 1126
Color Chart 0.0018 759 267 1013 449
Color Chart 0.0017 403 -5 1082 433
Color Chart 0.0014 -535 132 384 1679
Color Chart 0.0013 523 100 965 599
Color Chart 0.0010 680 -651 1644 787
Color Chart 0.0010 -95 233 108 528
Scale 0.7772 556 210 671 853
Scale 0.0740 747 79 1007 442
Scale 0.0259 500 198 742 873
Scale 0.0139 1113 -44 1509 707
Scale 0.0067 732 -67 1132 611
Scale 0.0055 -26 1158 145 1759
Scale 0.0054 58 3 881 71
Scale 0.0049 -101 1052 238 1771
Scale 0.0038 842 55 1443 890
Scale 0.0031 144 19 921 117
Scale 0.0020 337 -13 756 760
Scale 0.0013 585 310 662 684
Scale 0.0012 547 63 980 598
Scale 0.0012 353 130 592 760
Scale 0.0010 -20 328 283 688
Specimen 0.7127 473 882 987 1533
Specimen 0.0364 276 130 1157 1624
Specimen 0.0187 542 1150 1045 1682
Specimen 0.0133 1147 51 1478 622
Specimen 0.0126 402 434 1005 1358
Specimen 0.0108 885 1000 1082 1371
Specimen 0.0093 629 15 1070 502
Specimen 0.0084 275 1062 936 1718
Specimen 0.0067 -295 1 -11 134
Specimen 0.0066 -1 1207 119 1727
Specimen 0.0054 1202 1154 1524 1711
Specimen 0.0051 1221 212 1533 784
Specimen 0.0050 -96 1173 129 1746
Specimen 0.0046 -262 -82 1161 1804
Specimen 0.0045 790 646 1182 1425
Specimen 0.0044 -6 715 909 1573
Specimen 0.0043 941 1012 1092 1273
Specimen 0.0040 -65 974 195 1654
Specimen 0.0040 115 39 683 836
Specimen 0.0033 -11 1044 144 1606
Specimen 0.0030 1187 640 1495 1186
Specimen 0.0028 1124 331 1455 830
Specimen 0.0026 1109 517 1470 1045
Specimen 0.0026 618 1323 927 1636
Specimen 0.0025 754 1277 1044 1532
Specimen 0.0025 663 907 1083 1492
Specimen 0.0023 -259 66 -15 392
Specimen 0.0022 1185 581 1421 880
Specimen 0.0022 -16 593 166 860
Specimen 0.0022 960 -306 1846 1007
Specimen 0.0021 1142 620 1294 827
Specimen 0.0021 1187 430 1413 759
Specimen 0.0021 -74 719 199 1092
Specimen 0.0021 1121 1067 1466 1574
Specimen 0.0020 691 1085 902 1465
Specimen 0.0019 532 168 930 839
Specimen 0.0019 1147 478 1288 697
Specimen 0.0019 -389 1123 -28 1652
Specimen 0.0019 1235 634 1464 950
Specimen 0.0019 229 857 576 1239
Specimen 0.0018 1183 703 1415 1021
Specimen 0.0018 267 597 808 1365
Specimen 0.0018 1077 574 1340 986
Specimen 0.0018 258 558 669 1125
Specimen 0.0017 696 146 1054 878
Specimen 0.0017 1180 229 1413 675
Specimen 0.0017 1110 820 1457 1285
Specimen 0.0017 949 989 1156 1376
Specimen 0.0017 -76 524 204 879
Specimen 0.0017 366 95 863 1004
Specimen 0.0017 1170 1098 1417 1449
Specimen 0.0017 -348 1301 -62 1738
Specimen 0.0017 494 1194 909 1547
Specimen 0.0016 1143 750 1296 967
Specimen 0.0016 1274 563 1529 1006
Specimen 0.0016 -247 452 -24 721
Specimen 0.0016 -303 1577 -95 1776
Specimen 0.0016 1090 376 1323 780
Specimen 0.0016 1279 756 1529 1213
Specimen 0.0016 13 973 396 1649
Specimen 0.0016 1060 686 1362 1143
Specimen 0.0015 -156 107 174 503
Specimen 0.0015 -203 29 41 299
Specimen 0.0015 1293 1055 1524 1586
Specimen 0.0015 -388 153 -25 718
Specimen 0.0015 1214 1 1472 232
Specimen 0.0015 42 738 479 1209
Specimen 0.0015 1248 789 1474 1045
Specimen 0.0015 1136 816 1299 1038
Specimen 0.0014 1187 1223 1436 1568
Specimen 0.0014 1178 831 1409 1166
Specimen 0.0014 157 21 771 448
Specimen 0.0014 -93 -467 486 628
Specimen 0.0014 -256 1242 -24 1565
Specimen 0.0014 -319 1683 -59 1776
Specimen 0.0014 -250 213 -27 559
Specimen 0.0014 677 398 1065 1273
Specimen 0.0014 -249 592 -23 856
Specimen 0.0014 -392 376 -24 904
Specimen 0.0014 829 772 1071 1337
Specimen 0.0014 -399 924 -28 1446
Specimen 0.0014 1132 952 1303 1175
Specimen 0.0014 -97 470 133 712
Specimen 0.0013 1134 1084 1304 1310
Specimen 0.0013 1338 645 1487 912
Specimen 0.0013 1082 1063 1342 1443
Specimen 0.0013 1174 977 1409 1300
Specimen 0.0013 1210 944 1478 1428
Specimen 0.0013 185 -42 880 224
Specimen 0.0012 -429 549 6 1265
Specimen 0.0012 -250 1133 -21 1403
Specimen 0.0012 908 697 1118 1272
Specimen 0.0012 943 939 1097 1179
Specimen 0.0012 1246 485 1474 799
Specimen 0.0012 1068 595 1255 851
Specimen 0.0012 -232 543 227 1141
Specimen 0.0012 709 803 1271 1707
Specimen 0.0012 -176 177 12 463
Specimen 0.0012 -339 1165 -89 1513
Specimen 0.0012 610 1250 983 1503
Specimen 0.0012 -232 1227 68 1684
Specimen 0.0012 1068 729 1255 985
Specimen 0.0012 -250 940 -22 1191
Specimen 0.0011 1076 204 1344 678
Specimen 0.0011 1176 -10 1418 138
Specimen 0.0011 1265 923 1466 1183
Specimen 0.0011 -159 389 178 772
Specimen 0.0011 1346 1042 1489 1322
Specimen 0.0011 149 924 498 1305
Specimen 0.0011 1144 313 1291 588
Specimen 0.0011 468 852 909 1280
Specimen 0.0011 -345 1400 -198 1778
Specimen 0.0011 -201 -22 41 129
Specimen 0.0011 1066 860 1256 1125
Specimen 0.0011 1081 936 1340 1301
Specimen 0.0011 1269 1151 1461 1484
Specimen 0.0010 1251 334 1473 677
Specimen 0.0010 -226 757 216 1335
Specimen 0.0010 -310 737 25 1226
Specimen 0.0010 1284 12 1535 596
Specimen 0.0010 -325 495 36 1057
Specimen 0.0010 720 1064 1022 1566
Specimen 0.0010 -179 330 21 581
Specimen 0.0010 -335 341 -82 707
Specimen 0.0010 1062 996 1262 1261
Specimen 0.0010 1030 521 1281 906
Specimen 0.0010 -10 1174 245 1736
Specimen 0.0010 -262 424 101 860
Specimen 0.0010 1173 2 1445 373
Specimen 0.0010 -336 492 -86 824
