Label 0.8619 110 1407 553 1696
Label 0.6983 565 1549 751 1672
Label 0.1996 -1 1461 96 1697
Label 0.0295 126 1622 543 1704
Label 0.0108 341 -7 540 126
Label 0.0108 202 1442 464 1620
Label 0.0104 114 1414 566 1554
Label 0.0093 1151 1561 1461 1755
Label 0.0068 1110 -54 1507 721
Label 0.0065 6 6 82 204
Label 0.0064 1061 925 1546 1652
Label 0.0064 1108 1478 1490 1837
Label 0.0063 143 1415 538 1492
Label 0.0061 1151 1388 1466 1737
Label 0.0057 -26 1434 152 1709
Label 0.0052 -424 -317 552 982
Label 0.0052 -402 235 188 1252
Label 0.0051 521 1454 802 1725
Label 0.0051 1099 201 1512 1282
Label 0.0046 1137 384 1479 878
Label 0.0044 -25 40 70 284
Label 0.0043 1203 1292 1547 1813
Label 0.0041 821 1070 1442 1760
Label 0.0041 -303 1221 66 1662
Label 0.0041 307 -58 524 190
Label 0.0040 1140 1229 1474 1647
Label 0.0039 882 -122 1714 1319
Label 0.0039 66 1589 749 1755
Label 0.0036 318 -164 1112 321
Label 0.0035 895 1375 1378 1764
Label 0.0032 1050 -178 1537 361
Label 0.0031 -53 186 474 1306
Label 0.0031 -410 854 203 1702
Label 0.0028 -284 1552 71 1797
Label 0.0027 -299 -146 62 348
Label 0.0026 494 1612 1161 1783
Label 0.0025 147 368 229 473
Label 0.0025 -114 1597 488 1772
Label 0.0024 -254 920 -26 1207
Label 0.0024 -6 1453 866 1857
Label 0.0024 600 1399 1389 1949
Label 0.0023 940 1075 1660 2262
Label 0.0023 -125 -99 261 523
Label 0.0023 -48 593 79 840
Label 0.0023 762 1391 1190 1740
Label 0.0023 -275 1388 73 1756
Label 0.0023 -341 1428 140 1891
Label 0.0022 1097 830 1521 1241
Label 0.0022 747 703 1484 1574
Label 0.0021 -256 579 -27 858
Label 0.0021 1169 1673 1460 1766
Label 0.0020 750 703 1137 1103
Label 0.0020 -42 1339 461 1597
Label 0.0020 -262 432 -22 738
Label 0.0020 1163 437 1606 1595
Label 0.0020 -50 97 82 370
Label 0.0020 635 349 1257 1423
Label 0.0020 798 159 1449 1272
Label 0.0019 -254 712 -32 1000
Label 0.0019 -88 1256 163 1644
Label 0.0019 915 -116 1291 318
Label 0.0018 42 -129 366 340
Label 0.0018 547 1000 1459 2067
Label 0.0018 -121 1464 232 1823
Label 0.0018 225 483 862 923
Label 0.0018 -234 866 -30 1097
Label 0.0017 -267 1030 -21 1365
Label 0.0017 -258 1296 -36 1655
Label 0.0017 286 627 529 794
Label 0.0017 592 1559 847 1730
Label 0.0016 -275 380 375 1376
Label 0.0016 -178 1447 32 1742
Label 0.0016 -174 245 9 513
Label 0.0016 -33 92 404 799
Label 0.0016 76 1324 699 1631
Label 0.0016 -78 1218 514 1698
Label 0.0016 7 3 77 94
Label 0.0016 437 515 693 682
Label 0.0016 -62 441 84 730
Label 0.0016 -2 1302 107 1656
Label 0.0015 -175 467 12 704
Label 0.0014 -77 525 94 895
Label 0.0014 -177 604 13 832
Label 0.0014 -258 1177 -31 1489
Label 0.0014 119 1531 490 1760
Label 0.0014 13 171 67 270
Label 0.0013 1149 1493 1337 1703
Label 0.0013 1059 11 1150 62
Label 0.0013 -313 1222 -100 1591
Label 0.0013 -64 -46 86 130
Label 0.0012 690 -555 1622 703
Label 0.0012 -181 1320 9 1618
Label 0.0012 1201 426 1419 730
Label 0.0012 -316 760 -97 1094
Label 0.0012 -74 164 90 449
Label 0.0012 121 354 188 497
Label 0.0012 541 1373 990 1688
Label 0.0012 211 1635 450 1692
Label 0.0012 -153 1155 242 1703
Label 0.0012 1 22 63 146
Label 0.0012 -111 886 550 1925
Label 0.0011 -1 511 97 789
Label 0.0011 627 1095 830 1193
Label 0.0011 -297 1459 -119 1756
Label 0.0011 1202 574 1426 852
Label 0.0011 206 1480 721 1710
Label 0.0011 2 142 61 247
Label 0.0011 797 781 1142 941
Label 0.0011 1014 -8 1156 209
Label 0.0011 -156 878 1 1071
Label 0.0010 1053 1683 1421 1787
Label 0.0010 -165 381 18 624
Label 0.0010 479 652 716 873
Label 0.0010 28 1461 221 1729
Label 0.0010 1006 132 1240 356
Label 0.0010 820 683 1079 915
Label 0.0010 -22 69 150 407
Label 0.0010 1016 1501 1156 1718
Label 0.0010 371 15 698 176
Label 0.0010 -81 399 104 634
Label 0.0010 147 651 400 1066
Label 0.0010 19 116 76 258
Label 0.0010 337 1215 846 1881
Label 0.0010 933 -13 1120 232
Label 0.0010 158 50 249 110
Label 0.0010 3 1257 894 2049
Barcode 0.8323 327 8 528 89
Barcode 0.0125 1053 2 1155 28
Barcode 0.0080 -290 29 15 150
Barcode 0.0067 -341 61 -5 336
Barcode 0.0055 -370 26 169 936
Barcode 0.0053 1089 6 1166 39
Barcode 0.0052 290 11 770 153
Barcode 0.0052 -308 107 100 583
Barcode 0.0049 1138 2 1459 173
Barcode 0.0047 348 17 577 123
Barcode 0.0043 -481 1083 58 1755
Barcode 0.0043 -340 277 152 716
Barcode 0.0042 -358 565 154 966
Barcode 0.0042 1187 1193 1557 1693
Barcode 0.0042 -410 1218 -13 1657
Barcode 0.0041 -192 73 240 597
Barcode 0.0039 387 -26 1043 199
Barcode 0.0039 -372 1387 -44 1762
Barcode 0.0038 -397 357 179 1397
Barcode 0.0037 -408 -179 58 365
Barcode 0.0036 863 1204 1396 1670
Barcode 0.0035 -475 952 43 1393
Barcode 0.0034 -340 685 125 1116
Barcode 0.0034 -348 1053 126 1547
Barcode 0.0034 -309 825 125 1278
Barcode 0.0033 667 1598 1311 1808
Barcode 0.0033 -365 1605 -74 1819
Barcode 0.0033 -359 435 168 831
Barcode 0.0030 1220 391 1542 875
Barcode 0.0030 -26 448 413 1102
Barcode 0.0030 1160 50 1451 395
Barcode 0.0029 -121 -62 177 187
Barcode 0.0029 -175 354 256 885
Barcode 0.0029 71 -37 294 233
Barcode 0.0028 981 5 1216 227
Barcode 0.0024 -440 1421 15 1948
Barcode 0.0024 15 203 352 683
Barcode 0.0023 822 1037 1437 1558
Barcode 0.0022 1016 0 1135 21
Barcode 0.0020 -109 -10 226 444
Barcode 0.0020 864 512 1352 971
Barcode 0.0020 1180 910 1579 1462
Barcode 0.0018 -195 625 276 1192
Barcode 0.0016 4 -1 83 35
Barcode 0.0015 52 -489 673 577
Barcode 0.0015 1101 12 1163 61
Barcode 0.0015 847 641 1387 1152
Barcode 0.0013 353 709 420 793
Barcode 0.0013 1170 -244 1617 414
Barcode 0.0012 333 680 446 787
Color Chart 0.5769 925 378 1163 707
Color Chart 0.0750 347 9 508 96
Color Chart 0.0264 980 153 1124 336
Color Chart 0.0070 975 459 1124 629
Color Chart 0.0068 -381 -133 58 560
Color Chart 0.0058 -588 -337 745 1265
Color Chart 0.0054 -823 727 432 2115
Color Chart 0.0047 -991 19 611 1717
Color Chart 0.0046 632 786 1675 2042
Color Chart 0.0044 -506 270 72 1198
Color Chart 0.0041 -724 -497 370 923
Color Chart 0.0041 -530 744 106 1545
Color Chart 0.0039 931 -138 1657 1059
Color Chart 0.0035 798 -347 2056 1306
Color Chart 0.0031 234 -465 1251 612
Color Chart 0.0031 843 -630 1754 782
Color Chart 0.0028 587 -139 1692 1584
Color Chart 0.0028 -245 115 350 1092
Color Chart 0.0027 163 1691 794 1770
Color Chart 0.0023 818 482 2049 2087
Color Chart 0.0017 502 1698 828 1757
Color Chart 0.0013 984 990 1865 2368
Color Chart 0.0012 489 1699 1014 1774
Color Chart 0.0010 288 1699 636 1754
Color Chart 0.0010 948 335 1216 597
Scale 0.7668 -5 836 110 1447
Scale 0.6817 142 27 296 489
Scale 0.0132 -26 798 224 1464
Scale 0.0122 764 290 1228 853
Scale 0.0085 46 818 271 1312
Scale 0.0060 1120 52 1487 854
Scale 0.0051 1177 1026 1588 1809
Scale 0.0048 -17 -38 97 244
Scale 0.0045 -220 -63 303 708
Scale 0.0036 85 -56 517 551
Scale 0.0035 -62 -24 85 337
Scale 0.0033 -215 882 146 1432
Scale 0.0023 799 507 1160 1031
Scale 0.0018 111 857 209 1091
Scale 0.0015 -43 849 386 1609
Scale 0.0014 -171 925 22 1168
Scale 0.0013 -189 1043 52 1333
Scale 0.0013 1169 30 1444 433
Scale 0.0013 510 1683 1127 1776
Specimen 0.7104 120 24 1162 1516
Specimen 0.2559 975 159 1138 349
Specimen 0.2345 93 831 554 1303
Specimen 0.1241 466 908 1124 1702
Specimen 0.0230 59 848 355 1331
Specimen 0.0215 228 40 1006 845
Specimen 0.0156 151 1035 514 1285
Specimen 0.0138 -38 44 714 1463
Specimen 0.0093 455 375 1190 1439
Specimen 0.0086 583 1278 1050 1675
Specimen 0.0077 0 836 242 1388
Specimen 0.0071 378 956 876 1636
Specimen 0.0070 749 22 1009 311
Specimen 0.0069 69 372 550 1192
Specimen 0.0066 -293 47 38 353
Specimen 0.0065 415 8 1011 485
Specimen 0.0058 1111 1074 1506 1545
Specimen 0.0058 -29 823 968 1728
Specimen 0.0055 1147 62 1469 620
Specimen 0.0054 213 22 670 677
Specimen 0.0048 812 45 946 187
Specimen 0.0048 -106 764 466 1518
Specimen 0.0048 487 962 729 1654
Specimen 0.0043 273 -39 569 376
Specimen 0.0041 1208 176 1531 781
Specimen 0.0038 636 1050 1257 1796
Specimen 0.0037 -201 21 8 300
Specimen 0.0036 -296 0 -13 136
Specimen 0.0034 277 622 1060 1175
Specimen 0.0034 -189 89 -3 408
Specimen 0.0034 114 -218 1107 652
Specimen 0.0034 113 118 578 829
Specimen 0.0033 636 829 1131 1405
Specimen 0.0033 543 246 1082 1048
Specimen 0.0032 811 10 1109 229
Specimen 0.0032 397 220 726 919
Specimen 0.0030 -26 -39 429 581
Specimen 0.0029 661 -63 1056 281
Specimen 0.0025 1221 516 1534 1009
Specimen 0.0025 326 -63 555 209
Specimen 0.0025 227 458 975 959
Specimen 0.0024 1119 678 1498 1113
Specimen 0.0024 485 -164 1477 1616
Specimen 0.0023 -296 843 13 1262
Specimen 0.0023 0 635 444 1217
Specimen 0.0023 576 604 1313 1711
Specimen 0.0022 308 532 957 1526
Specimen 0.0022 -301 346 4 810
Specimen 0.0022 1185 222 1404 673
Specimen 0.0022 512 7 1180 657
Specimen 0.0022 752 12 950 213
Specimen 0.0021 -299 635 11 1062
Specimen 0.0021 1130 393 1455 1026
Specimen 0.0020 -227 884 80 1484
Specimen 0.0019 697 -3 1284 435
Specimen 0.0018 702 76 1273 1400
Specimen 0.0018 1190 39 1417 465
Specimen 0.0018 -294 1160 8 1619
Specimen 0.0017 1189 390 1405 778
Specimen 0.0017 -216 160 47 587
Specimen 0.0017 990 95 1250 370
Specimen 0.0017 -311 1666 -82 1780
Specimen 0.0016 118 850 268 1295
Specimen 0.0016 1192 522 1403 917
Specimen 0.0016 498 -358 1268 534
Specimen 0.0015 -250 260 -31 641
Specimen 0.0015 1232 1673 1475 1777
Specimen 0.0015 -180 645 586 1846
Specimen 0.0015 1112 816 1462 1422
Specimen 0.0015 -105 16 110 442
Specimen 0.0015 528 9 954 341
Specimen 0.0015 539 901 931 1507
Specimen 0.0015 -165 915 7 1201
Specimen 0.0015 780 39 1118 540
Specimen 0.0015 624 1108 1111 1585
Specimen 0.0014 806 764 1106 955
Specimen 0.0014 803 -35 1467 659
Specimen 0.0014 209 818 756 1428
Specimen 0.0014 396 152 681 645
Specimen 0.0014 -227 301 57 720
Specimen 0.0014 -244 1247 -22 1531
Specimen 0.0014 1230 -13 1466 140
Specimen 0.0014 1160 1186 1425 1641
Specimen 0.0014 494 972 719 1281
Specimen 0.0013 462 863 1030 1270
Specimen 0.0013 -125 264 120 751
Specimen 0.0013 613 503 1135 1198
Specimen 0.0013 1284 880 1536 1491
Specimen 0.0012 -221 462 49 830
Specimen 0.0012 398 875 718 1371
Specimen 0.0012 -170 238 20 489
Specimen 0.0012 1223 1048 1453 1491
Specimen 0.0012 1189 660 1403 1052
Specimen 0.0012 -307 1303 -76 1624
Specimen 0.0012 362 -51 698 251
Specimen 0.0011 -297 1580 -95 1762
Specimen 0.0011 155 675 503 1164
Specimen 0.0011 175 357 777 1309
Specimen 0.0011 1291 636 1537 1194
Specimen 0.0011 1298 389 1529 902
Specimen 0.0011 -271 1527 -8 1798
Specimen 0.0011 470 935 643 1444
Specimen 0.0011 -190 -18 32 109
Specimen 0.0010 533 184 858 931
Specimen 0.0010 1241 699 1448 1149
Specimen 0.0010 294 51 529 575
Specimen 0.0010 1168 861 1417 1266
Specimen 0.0010 -319 1460 -221 1759
Specimen 0.0010 -403 431 -11 978
Specimen 0.0010 917 229 1119 552
