Label 0.8048 72 1417 462 1638
Label 0.7679 95 285 441 392
Label 0.6654 18 1632 418 1768
Label 0.5314 752 6 915 148
Label 0.1146 391 1640 597 1744
Label 0.0638 143 302 404 371
Label 0.0599 494 1304 1123 1753
Label 0.0343 101 1654 357 1734
Label 0.0276 140 1453 399 1595
Label 0.0274 12 199 611 418
Label 0.0252 923 3 1101 36
Label 0.0156 -13 312 112 409
Label 0.0152 1082 917 1528 1656
Label 0.0152 140 247 508 465
Label 0.0128 1151 1105 1472 1511
Label 0.0116 761 2 1051 155
Label 0.0111 959 4 1107 73
Label 0.0100 939 -2 1134 147
Label 0.0097 55 1417 586 1758
Label 0.0096 12 327 94 394
Label 0.0094 1134 956 1488 1376
Label 0.0091 16 1538 503 1811
Label 0.0091 1155 1550 1459 1756
Label 0.0085 525 -3 769 147
Label 0.0084 1091 18 1517 916
Label 0.0076 1135 1332 1457 1778
Label 0.0071 1134 452 1488 807
Label 0.0071 1125 293 1498 706
Label 0.0068 1139 554 1481 984
Label 0.0064 -4 737 171 885
Label 0.0061 864 -9 1100 175
Label 0.0061 68 15 303 249
Label 0.0061 920 616 1682 1941
Label 0.0060 12 1651 253 1767
Label 0.0059 -71 147 256 498
Label 0.0058 409 918 1065 1692
Label 0.0056 1096 571 1523 1441
Label 0.0055 1 332 145 495
Label 0.0053 -417 909 204 1689
Label 0.0052 18 0 215 35
Label 0.0051 83 1644 707 1766
Label 0.0049 -99 644 212 1072
Label 0.0046 824 1 1119 86
Label 0.0044 1205 77 1566 1412
Label 0.0043 157 1376 672 1628
Label 0.0040 622 1 966 180
Label 0.0039 807 1091 1443 1743
Label 0.0038 1220 739 1525 1337
Label 0.0037 501 -4 948 308
Label 0.0036 -4 232 132 432
Label 0.0035 -48 670 201 924
Label 0.0035 844 1251 1099 1620
Label 0.0035 335 271 542 423
Label 0.0035 558 1706 1081 1768
Label 0.0034 -51 1103 232 1446
Label 0.0034 583 1730 943 1761
Label 0.0033 860 1375 1394 1762
Label 0.0032 364 25 1077 649
Label 0.0032 372 1629 1066 1787
Label 0.0031 742 -20 957 231
Label 0.0031 856 1 1130 327
Label 0.0031 324 1572 623 1807
Label 0.0031 -127 1236 231 1649
Label 0.0031 86 1256 758 1680
Label 0.0031 -184 1003 339 1548
Label 0.0030 -188 542 19 764
Label 0.0030 105 293 298 384
Label 0.0030 827 1295 1069 1490
Label 0.0030 1164 1681 1465 1763
Label 0.0029 -153 1384 263 1771
Label 0.0029 -6 244 317 454
Label 0.0029 499 1225 1023 1586
Label 0.0029 33 757 213 937
Label 0.0029 267 -86 1194 990
Label 0.0028 934 45 1111 245
Label 0.0028 835 -260 1763 1729
Label 0.0027 178 1114 952 1717
Label 0.0027 -8 7 59 69
Label 0.0027 -251 449 -17 725
Label 0.0026 853 1581 1393 1807
Label 0.0026 924 -49 1203 224
Label 0.0025 294 748 884 1555
Label 0.0025 -192 615 28 829
Label 0.0024 -439 1264 12 1841
Label 0.0024 -65 261 119 459
Label 0.0023 950 1084 1102 1314
Label 0.0023 10 -9 263 99
Label 0.0023 -210 165 80 441
Label 0.0023 -257 1216 -28 1583
Label 0.0023 624 1171 1323 1878
Label 0.0023 380 1484 580 1775
Label 0.0023 729 1195 1199 1671
Label 0.0022 -193 248 42 517
Label 0.0022 798 1570 1174 1781
Label 0.0022 200 313 364 362
Label 0.0022 -250 1050 -23 1341
Label 0.0022 1081 -95 1522 299
Label 0.0022 1207 455 1426 702
Label 0.0022 1145 814 1297 1031
Label 0.0022 819 1728 1124 1763
Label 0.0022 -336 1466 138 1897
Label 0.0021 1207 597 1434 830
Label 0.0021 -256 301 -16 603
Label 0.0021 1184 1485 1568 1845
Label 0.0021 624 480 1431 1792
Label 0.0021 163 1668 325 1728
Label 0.0021 -249 922 -22 1199
Label 0.0020 485 699 859 1388
Label 0.0020 373 1441 736 1795
Label 0.0020 1160 602 1296 816
Label 0.0020 869 1118 1120 1512
Label 0.0020 -374 768 530 2033
Label 0.0019 1189 1226 1432 1561
Label 0.0019 1195 858 1447 1104
Label 0.0019 618 215 1124 1276
Label 0.0019 -37 1405 71 1668
Label 0.0019 815 743 1183 1556
Label 0.0019 -255 387 280 631
Label 0.0019 -13 -12 167 86
Label 0.0019 75 862 1124 2265
Label 0.0018 -185 952 20 1168
Label 0.0018 1158 1078 1297 1293
Label 0.0018 313 1497 1132 1845
Label 0.0018 1140 950 1300 1170
Label 0.0018 1147 668 1296 903
Label 0.0018 1157 462 1292 686
Label 0.0018 -15 2 123 38
Label 0.0018 978 1147 1610 2173
Label 0.0018 379 1 597 36
Label 0.0018 52 2 184 27
Label 0.0018 218 1442 575 1642
Label 0.0017 4 1118 170 1373
Label 0.0017 959 1165 1118 1357
Label 0.0017 686 -224 1365 575
Label 0.0017 940 1205 1100 1449
Label 0.0017 1200 729 1448 963
Label 0.0017 1196 1127 1430 1385
Label 0.0017 -252 767 -23 1080
Label 0.0017 -247 638 -21 936
Label 0.0017 956 990 1106 1254
Label 0.0017 -183 1082 16 1306
Label 0.0017 1199 998 1436 1242
Label 0.0016 10 11 107 69
Label 0.0016 977 85 1104 223
Label 0.0016 1138 1139 1299 1386
Label 0.0016 -54 296 159 557
Label 0.0016 7 379 111 466
Label 0.0016 24 8 209 60
Label 0.0015 -169 860 23 1101
Label 0.0015 360 1624 786 1756
Label 0.0015 -186 1206 18 1452
Label 0.0015 256 182 1170 1558
Label 0.0014 771 1341 1114 1719
Label 0.0014 -194 363 46 640
Label 0.0014 850 1269 1060 1414
Label 0.0014 -342 1142 -92 1530
Label 0.0014 100 1291 784 2060
Label 0.0014 838 233 1424 1244
Label 0.0014 1143 1729 1479 1769
Label 0.0014 720 1467 1244 1847
Label 0.0014 1135 1249 1298 1550
Label 0.0014 1131 1475 1339 1726
Label 0.0014 -61 1250 94 1419
Label 0.0014 246 1631 570 1777
Label 0.0014 28 14 151 88
Label 0.0014 864 -45 1367 425
Label 0.0014 18 343 144 430
Label 0.0014 -192 728 27 991
Label 0.0013 -12 0 64 33
Label 0.0013 1151 1417 1309 1656
Label 0.0013 944 597 1106 833
Label 0.0013 746 -98 1498 1034
Label 0.0013 -185 1318 19 1617
Label 0.0013 906 1329 1117 1576
Label 0.0013 -15 769 202 1023
Label 0.0013 83 1 363 31
Label 0.0013 314 1 630 98
Label 0.0013 -277 1584 -14 1773
Label 0.0013 -59 1347 99 1598
Label 0.0013 -165 125 192 359
Label 0.0013 -101 376 133 660
Label 0.0013 312 1676 884 1772
Label 0.0013 1302 929 1512 1188
Label 0.0013 200 1473 360 1573
Label 0.0013 -257 1382 -28 1688
Label 0.0013 898 1706 1120 1774
Label 0.0012 -66 1472 101 1731
Label 0.0012 1299 786 1515 1058
Label 0.0012 -313 1348 -106 1717
Label 0.0012 1301 1056 1515 1333
Label 0.0012 1204 299 1430 581
Label 0.0012 857 178 1352 727
Label 0.0012 526 898 814 1338
Label 0.0012 1092 1163 1343 1607
Label 0.0012 109 325 453 416
Label 0.0012 367 1214 1106 2102
Label 0.0012 1309 652 1511 919
Label 0.0011 22 1644 189 1734
Label 0.0011 739 -543 1541 684
Label 0.0011 602 1117 873 1555
Label 0.0011 39 137 288 403
Label 0.0011 -203 805 223 1024
Label 0.0011 849 641 972 813
Label 0.0011 -345 1019 -85 1388
Label 0.0011 423 555 969 1273
Label 0.0011 1002 911 1141 1197
Label 0.0011 -173 223 188 638
Label 0.0011 1339 577 1486 835
Label 0.0010 1342 983 1485 1246
Label 0.0010 1000 1068 1141 1299
Label 0.0010 1153 313 1286 587
Label 0.0010 -61 1295 99 1499
Label 0.0010 7 766 135 849
Label 0.0010 60 -20 493 111
Label 0.0010 1337 853 1484 1107
Label 0.0010 -103 774 104 1067
Label 0.0010 1340 434 1488 705
Label 0.0010 -3 341 86 422
Label 0.0010 1327 1682 1519 1779
Label 0.0010 862 1282 953 1340
Label 0.0010 521 57 750 214
Label 0.0010 -75 517 111 763
Label 0.0010 1 241 106 329
Label 0.0010 632 1387 1009 1752
Label 0.0010 373 307 509 398
Barcode 0.7111 412 1639 614 1731
Barcode 0.6911 542 23 738 107
Barcode 0.2883 746 11 911 144
Barcode 0.2333 445 306 526 404
Barcode 0.0492 964 3 1101 32
Barcode 0.0267 464 76 525 105
Barcode 0.0171 483 75 550 106
Barcode 0.0120 748 65 890 131
Barcode 0.0083 760 10 909 66
Barcode 0.0071 458 77 525 127
Barcode 0.0065 -294 22 35 149
Barcode 0.0065 469 313 550 389
Barcode 0.0062 522 6 914 209
Barcode 0.0060 -462 -198 98 636
Barcode 0.0059 -407 38 24 403
Barcode 0.0056 -303 1079 80 1527
Barcode 0.0049 -455 969 16 1383
Barcode 0.0048 -493 136 64 594
Barcode 0.0048 1215 16 1562 1194
Barcode 0.0046 -410 277 202 728
Barcode 0.0046 -474 432 43 842
Barcode 0.0045 900 964 1341 1382
Barcode 0.0043 -436 1209 -9 1675
Barcode 0.0042 -353 820 134 1253
Barcode 0.0039 883 1181 1360 1673
Barcode 0.0035 880 724 1262 1324
Barcode 0.0033 1221 293 1552 727
Barcode 0.0032 -423 574 189 1210
Barcode 0.0030 -280 1605 70 1791
Barcode 0.0028 371 102 1038 630
Barcode 0.0026 -392 1386 -40 1775
Barcode 0.0025 -365 1613 -74 1815
Barcode 0.0025 663 394 1027 1116
Barcode 0.0024 904 391 1354 870
Barcode 0.0023 -275 1392 67 1757
Barcode 0.0022 394 325 1013 929
Barcode 0.0021 -344 -163 121 362
Barcode 0.0020 924 518 1293 1014
Barcode 0.0020 384 32 740 144
Barcode 0.0019 870 115 1416 1087
Barcode 0.0019 869 469 1096 1052
Barcode 0.0018 921 18 1253 339
Barcode 0.0017 876 673 973 785
Barcode 0.0017 1037 0 1139 32
Barcode 0.0016 669 376 1064 786
Barcode 0.0015 531 50 739 135
Barcode 0.0013 835 284 1306 673
Barcode 0.0013 877 657 979 732
Barcode 0.0011 236 1612 602 1761
Barcode 0.0010 484 1668 617 1730
Barcode 0.0010 815 190 1091 358
Color Chart 0.5925 819 233 1061 577
Color Chart 0.3114 753 5 910 141
Color Chart 0.0984 418 1630 611 1741
Color Chart 0.0470 556 10 717 109
Color Chart 0.0104 1114 -28 1507 666
Color Chart 0.0089 507 12 749 161
Color Chart 0.0063 -994 -452 622 1134
Color Chart 0.0062 -547 715 128 1597
Color Chart 0.0061 -547 121 131 1108
Color Chart 0.0060 -816 599 401 1958
Color Chart 0.0054 631 1 954 147
Color Chart 0.0049 799 194 1111 461
Color Chart 0.0047 896 -316 1736 989
Color Chart 0.0045 616 536 1705 2009
Color Chart 0.0040 -869 -218 737 2182
Color Chart 0.0039 775 -478 2062 1685
Color Chart 0.0038 266 -299 1208 641
Color Chart 0.0037 97 -51 1346 1523
Color Chart 0.0033 -533 140 371 1657
Color Chart 0.0033 968 803 1864 2018
Color Chart 0.0032 1142 6 1464 171
Color Chart 0.0031 825 725 1454 1582
Color Chart 0.0030 -715 -736 337 857
Color Chart 0.0027 1047 2 1129 26
Color Chart 0.0024 848 329 986 466
Color Chart 0.0020 -726 970 320 2389
Color Chart 0.0019 723 1059 1565 2280
Color Chart 0.0019 200 757 1005 1762
Color Chart 0.0018 324 61 389 119
Color Chart 0.0014 1181 -147 1592 341
Color Chart 0.0012 -31 1 33 32
Scale 0.7719 862 657 992 1292
Scale 0.0091 583 89 1156 682
Scale 0.0056 1194 852 1560 1721
Scale 0.0048 130 1634 682 1755
Scale 0.0046 -417 -148 227 835
Scale 0.0043 1206 -85 1533 720
Scale 0.0037 567 651 1073 1618
Scale 0.0025 827 582 1380 1427
Scale 0.0023 351 63 1088 1134
Scale 0.0023 894 964 1129 1376
Scale 0.0019 1090 571 1337 987
Scale 0.0018 871 233 1117 564
Scale 0.0017 1093 858 1336 1246
Scale 0.0017 1141 191 1454 688
Scale 0.0016 1103 1003 1323 1372
Scale 0.0016 1105 379 1320 770
Scale 0.0014 982 263 1067 586
Scale 0.0014 894 683 1074 1289
Scale 0.0013 -73 1325 92 1723
Scale 0.0013 1093 1111 1343 1526
Scale 0.0012 470 -232 1058 381
Scale 0.0012 853 415 1117 754
Scale 0.0011 691 620 988 1341
Scale 0.0011 195 1207 994 2204
Scale 0.0010 1111 238 1319 636
Scale 0.0010 1043 709 1275 1125
Specimen 0.7176 -8 408 460 724
Specimen 0.6111 63 730 475 1390
Specimen 0.4646 38 39 283 296
Specimen 0.3804 296 53 562 387
Specimen 0.2330 79 28 577 400
Specimen 0.2244 72 1035 454 1371
Specimen 0.1771 90 709 463 1070
Specimen 0.0828 418 269 554 398
Specimen 0.0816 83 184 293 303
Specimen 0.0527 6 401 535 1358
Specimen 0.0425 231 111 581 688
Specimen 0.0418 -17 251 562 765
Specimen 0.0396 313 177 543 538
Specimen 0.0337 67 -1 785 1489
Specimen 0.0308 -46 -38 635 641
Specimen 0.0269 251 52 495 304
Specimen 0.0233 22 -22 486 294
Specimen 0.0156 42 969 540 1492
Specimen 0.0132 166 425 403 696
Specimen 0.0125 139 212 688 969
Specimen 0.0108 77 435 320 697
Specimen 0.0092 318 171 696 726
Specimen 0.0083 373 35 640 321
Specimen 0.0083 83 82 233 248
Specimen 0.0079 1152 70 1472 595
Specimen 0.0068 309 78 428 241
Specimen 0.0066 1205 37 1512 407
Specimen 0.0063 55 683 726 1561
Specimen 0.0063 362 443 575 678
Specimen 0.0062 -588 -187 666 1853
Specimen 0.0059 1211 1144 1512 1708
Specimen 0.0055 -254 184 367 1333
Specimen 0.0054 -75 622 198 949
Specimen 0.0050 153 44 360 272
Specimen 0.0049 443 587 1238 1706
Specimen 0.0049 242 17 865 887
Specimen 0.0047 -43 387 212 671
Specimen 0.0046 -128 56 289 594
Specimen 0.0045 504 -54 759 216
Specimen 0.0045 -293 -4 -10 141
Specimen 0.0044 1109 551 1478 1282
Specimen 0.0043 247 -2 755 475
Specimen 0.0041 -140 744 276 1293
Specimen 0.0040 -69 931 274 1385
Specimen 0.0037 66 1068 273 1385
Specimen 0.0036 -5 380 437 996
Specimen 0.0034 474 941 1009 1688
Specimen 0.0034 1222 10 1528 182
Specimen 0.0034 -187 -41 195 381
Specimen 0.0033 -250 31 89 440
Specimen 0.0033 -291 -111 416 746
Specimen 0.0032 1198 220 1558 1540
Specimen 0.0032 -197 309 393 884
Specimen 0.0031 1128 448 1459 983
Specimen 0.0031 281 294 542 708
Specimen 0.0031 169 1067 402 1339
Specimen 0.0031 147 404 312 524
Specimen 0.0028 1128 849 1455 1392
Specimen 0.0028 230 400 858 1372
Specimen 0.0027 235 -364 976 528
Specimen 0.0026 169 416 340 576
Specimen 0.0026 1121 1048 1465 1593
Specimen 0.0026 -379 1101 -34 1671
Specimen 0.0026 -186 104 24 402
Specimen 0.0026 825 -11 1105 94
Specimen 0.0026 93 141 236 288
Specimen 0.0025 84 25 436 234
Specimen 0.0024 1188 796 1413 1189
Specimen 0.0024 278 458 431 668
Specimen 0.0024 92 318 459 602
Specimen 0.0024 346 124 1075 1350
Specimen 0.0024 -203 379 247 755
Specimen 0.0023 248 1082 471 1329
Specimen 0.0023 -224 443 54 837
Specimen 0.0023 2 461 178 666
Specimen 0.0023 -38 246 317 657
Specimen 0.0022 1190 673 1416 1044
Specimen 0.0022 -267 24 -22 345
Specimen 0.0022 -276 1046 -8 1465
Specimen 0.0022 -39 538 320 1056
Specimen 0.0022 -288 484 0 933
Specimen 0.0022 1086 702 1342 1129
Specimen 0.0022 1186 569 1415 883
Specimen 0.0022 1137 276 1454 743
Specimen 0.0021 1188 430 1411 747
Specimen 0.0021 24 329 267 588
Specimen 0.0021 -282 837 -3 1268
Specimen 0.0021 -291 233 5 645
Specimen 0.0020 -303 644 18 1180
Specimen 0.0020 3 729 264 984
Specimen 0.0020 -306 1667 -78 1780
Specimen 0.0020 19 23 196 210
Specimen 0.0020 1183 955 1411 1312
Specimen 0.0019 -31 862 214 1245
Specimen 0.0019 10 1061 178 1316
Specimen 0.0019 331 111 463 271
Specimen 0.0018 245 988 540 1388
Specimen 0.0018 1170 1090 1411 1450
Specimen 0.0018 -239 1242 -23 1539
Specimen 0.0017 1227 1675 1479 1774
Specimen 0.0017 -335 1213 -62 1570
Specimen 0.0017 -253 146 -18 497
Specimen 0.0017 326 62 391 132
Specimen 0.0017 1143 1017 1298 1239
Specimen 0.0017 930 -164 1897 1902
Specimen 0.0017 -75 35 105 308
Specimen 0.0017 -400 921 -27 1444
Specimen 0.0017 382 138 527 298
Specimen 0.0017 63 166 465 362
Specimen 0.0016 335 505 446 674
Specimen 0.0016 -168 6 180 175
Specimen 0.0016 -212 929 41 1312
Specimen 0.0016 1101 934 1326 1306
Specimen 0.0015 198 428 305 545
Specimen 0.0015 841 6 1106 36
Specimen 0.0015 1181 -4 1417 135
Specimen 0.0015 1280 654 1532 1184
Specimen 0.0015 27 755 214 924
Specimen 0.0015 1296 1050 1524 1593
Specimen 0.0014 167 746 414 1015
Specimen 0.0014 844 -34 1079 362
Specimen 0.0014 1234 1008 1467 1393
Specimen 0.0014 1292 480 1525 951
Specimen 0.0014 141 442 537 808
Specimen 0.0014 -217 1181 51 1600
Specimen 0.0014 -214 -17 77 106
Specimen 0.0013 1291 874 1526 1370
Specimen 0.0013 405 182 612 444
Specimen 0.0013 -386 343 -32 799
Specimen 0.0013 8 513 125 678
Specimen 0.0013 -69 442 141 703
Specimen 0.0013 142 211 276 293
Specimen 0.0013 -246 -34 97 236
Specimen 0.0012 1297 270 1525 750
Specimen 0.0012 180 517 491 743
Specimen 0.0012 -59 709 229 1081
Specimen 0.0012 358 174 496 320
Specimen 0.0012 447 98 756 502
Specimen 0.0012 357 17 589 206
Specimen 0.0012 -66 -2 95 187
Specimen 0.0012 -256 486 254 1061
Specimen 0.0012 -368 1284 -172 1754
Specimen 0.0012 152 90 290 236
Specimen 0.0012 -326 1361 -80 1685
Specimen 0.0012 677 502 1107 1437
Specimen 0.0012 448 221 760 658
Specimen 0.0012 319 535 404 649
Specimen 0.0012 1239 765 1480 1063
Specimen 0.0011 197 89 327 224
Specimen 0.0011 963 -375 1849 825
Specimen 0.0011 1262 1197 1461 1575
Specimen 0.0011 326 406 586 999
Specimen 0.0011 43 62 162 196
Specimen 0.0011 -305 1595 -76 1758
Specimen 0.0011 13 427 242 750
Specimen 0.0011 1339 1104 1488 1395
Specimen 0.0010 549 642 919 1326
Specimen 0.0010 -183 3 37 208
Specimen 0.0010 -345 1512 -191 1800
Specimen 0.0010 -447 588 -99 1105
Specimen 0.0010 418 54 563 287
Specimen 0.0010 -272 1318 -10 1731
Specimen 0.0010 250 61 432 183
Specimen 0.0010 321 1086 471 1249
Specimen 0.0010 940 919 1120 1313
