Label 0.7911 610 1334 986 1659
Label 0.4524 603 18 957 106
Label 0.3629 -24 1667 201 1772
Label 0.2870 183 1590 328 1657
Label 0.2509 17 1069 333 1309
Label 0.1060 695 34 966 87
Label 0.0534 572 -14 978 172
Label 0.0396 627 90 757 131
Label 0.0382 221 618 422 832
Label 0.0258 195 1555 309 1626
Label 0.0163 173 528 427 921
Label 0.0140 154 1618 934 1780
Label 0.0135 614 69 748 115
Label 0.0133 1125 1077 1487 1779
Label 0.0130 607 8 944 62
Label 0.0128 3 0 355 177
Label 0.0124 294 1485 422 1539
Label 0.0113 -31 -3 207 163
Label 0.0102 605 47 954 217
Label 0.0101 1156 1535 1459 1753
Label 0.0100 271 625 389 803
Label 0.0093 730 1020 910 1134
Label 0.0090 233 1316 987 1654
Label 0.0076 -26 1579 185 1750
Label 0.0075 217 1529 993 1746
Label 0.0072 7 729 385 1394
Label 0.0071 0 354 556 1444
Label 0.0065 56 11 802 168
Label 0.0063 180 1519 334 1643
Label 0.0063 14 931 166 1056
Label 0.0062 1197 1401 1517 1749
Label 0.0058 278 1475 493 1600
Label 0.0058 -41 1296 178 1603
Label 0.0057 706 1041 917 1202
Label 0.0057 -427 699 221 1622
Label 0.0050 264 -2 909 139
Label 0.0049 159 1527 355 1712
Label 0.0047 -8 1048 534 1469
Label 0.0046 -67 1098 268 1438
Label 0.0046 37 22 558 232
Label 0.0042 -494 1097 71 1745
Label 0.0041 38 836 272 1043
Label 0.0041 126 1439 809 1723
Label 0.0039 35 30 845 327
Label 0.0039 59 732 353 1106
Label 0.0039 995 447 1615 1592
Label 0.0039 -96 -48 467 370
Label 0.0038 -315 1643 165 1786
Label 0.0037 1009 2 1593 1256
Label 0.0037 3 834 145 1031
Label 0.0036 279 1499 516 1660
Label 0.0036 93 933 210 1010
Label 0.0035 313 1467 446 1564
Label 0.0035 64 946 181 1030
Label 0.0035 109 1194 826 1717
Label 0.0035 853 -206 1445 640
Label 0.0034 282 1435 404 1561
Label 0.0034 1165 1678 1466 1759
Label 0.0034 -124 1222 261 1652
Label 0.0033 479 -114 1266 1027
Label 0.0032 984 855 1626 1967
Label 0.0032 570 19 828 147
Label 0.0031 635 96 973 598
Label 0.0031 -235 -126 340 498
Label 0.0030 599 -45 1996 2027
Label 0.0030 -347 631 518 1894
Label 0.0030 592 1324 958 1503
Label 0.0030 442 -65 1280 2017
Label 0.0029 1205 1589 1530 1775
Label 0.0029 -48 896 1026 1942
Label 0.0029 33 -3 533 113
Label 0.0029 27 29 166 193
Label 0.0029 191 1560 873 1867
Label 0.0028 613 1000 1374 1823
Label 0.0028 -51 1357 113 1579
Label 0.0027 715 1255 1217 1664
Label 0.0027 -4 1359 140 1658
Label 0.0027 -181 1276 11 1520
Label 0.0027 301 1420 637 1649
Label 0.0026 -563 -752 430 874
Label 0.0025 -54 864 210 1148
Label 0.0025 -16 28 187 252
Label 0.0025 -316 -362 748 699
Label 0.0025 -326 1493 191 1892
Label 0.0024 15 893 291 1260
Label 0.0023 829 1600 1424 1799
Label 0.0023 5 0 280 111
Label 0.0023 -252 1179 -18 1483
Label 0.0023 180 1374 472 1588
Label 0.0023 3 566 150 755
Label 0.0023 -488 0 639 1946
Label 0.0021 -198 1591 63 1769
Label 0.0021 665 -253 1345 386
Label 0.0021 0 1316 111 1482
Label 0.0020 790 1454 1484 1890
Label 0.0020 907 1402 1355 1760
Label 0.0020 220 1560 438 1682
Label 0.0020 -225 532 396 1486
Label 0.0019 -339 1287 150 1818
Label 0.0019 -164 1209 13 1426
Label 0.0019 380 440 1109 1780
Label 0.0019 -71 1439 219 1781
Label 0.0019 598 610 1079 1469
Label 0.0019 -222 1139 -25 1371
Label 0.0019 194 -100 979 271
Label 0.0019 -37 -335 1003 469
Label 0.0018 818 1177 985 1352
Label 0.0018 491 -2 751 103
Label 0.0018 -52 1317 82 1486
Label 0.0018 273 1575 526 1656
Label 0.0018 293 786 514 1023
Label 0.0017 -222 938 -20 1171
Label 0.0017 490 1374 657 1646
Label 0.0017 1141 1727 1482 1768
Label 0.0017 -183 1410 23 1660
Label 0.0017 11 1358 103 1457
Label 0.0017 286 1021 615 1585
Label 0.0016 1158 1145 1302 1364
Label 0.0016 533 1398 733 1636
Label 0.0016 120 885 393 1085
Label 0.0016 1139 1200 1300 1461
Label 0.0016 -82 1407 121 1656
Label 0.0016 804 1061 975 1323
Label 0.0016 1193 1122 1431 1387
Label 0.0016 286 612 378 745
Label 0.0016 -164 1001 17 1233
Label 0.0016 -346 1108 -72 1567
Label 0.0015 649 48 904 152
Label 0.0015 -264 1289 -15 1650
Label 0.0015 305 1317 919 1480
Label 0.0015 -3 948 150 1112
Label 0.0015 -245 1481 -36 1714
Label 0.0015 1114 1462 1368 1732
Label 0.0015 82 1471 538 1891
Label 0.0015 885 1229 1005 1391
Label 0.0015 172 61 776 259
Label 0.0015 2 1343 232 1695
Label 0.0014 870 1072 1007 1295
Label 0.0014 481 -190 1042 474
Label 0.0014 706 49 869 82
Label 0.0014 170 9 503 184
Label 0.0014 292 1497 403 1574
Label 0.0014 291 1317 538 1606
Label 0.0014 298 1179 889 1514
Label 0.0014 693 1164 1018 1511
Label 0.0014 180 792 348 1013
Label 0.0014 1061 590 1274 836
Label 0.0014 13 574 119 691
Label 0.0014 -173 1091 15 1301
Label 0.0014 273 858 822 1469
Label 0.0014 529 873 986 1418
Label 0.0014 239 826 443 1129
Label 0.0013 -209 56 219 277
Label 0.0013 1157 940 1310 1166
Label 0.0013 1234 708 1463 1013
Label 0.0013 594 1342 962 1432
Label 0.0013 1146 1414 1327 1662
Label 0.0013 1148 154 1312 443
Label 0.0013 63 913 315 1027
Label 0.0013 55 644 131 745
Label 0.0013 340 965 462 1109
Label 0.0013 791 1030 960 1196
Label 0.0013 -296 1455 -112 1745
Label 0.0012 146 1098 373 1401
Label 0.0012 -236 815 -6 1022
Label 0.0012 217 1004 472 1383
Label 0.0012 -27 485 163 815
Label 0.0012 1326 1680 1522 1777
Label 0.0012 1345 646 1495 908
Label 0.0012 1206 933 1423 1170
Label 0.0012 1155 309 1305 559
Label 0.0012 -342 1022 -48 1349
Label 0.0012 -22 1573 250 1836
Label 0.0012 1062 456 1273 702
Label 0.0012 1151 586 1319 834
Label 0.0012 -168 869 24 1102
Label 0.0012 738 13 1005 125
Label 0.0011 -162 470 24 689
Label 0.0011 1345 443 1494 700
Label 0.0011 1157 450 1308 697
Label 0.0011 1207 443 1426 710
Label 0.0011 1086 1144 1344 1619
Label 0.0011 1189 1289 1446 1656
Label 0.0011 1349 852 1491 1109
Label 0.0011 618 111 729 193
Label 0.0011 1191 131 1435 463
Label 0.0011 490 580 662 678
Label 0.0011 -101 46 98 318
Label 0.0011 -222 -24 75 108
Label 0.0011 252 1456 564 1714
Label 0.0011 76 932 235 1054
Label 0.0011 1049 781 1256 1067
Label 0.0011 -326 1366 -77 1682
Label 0.0011 1116 791 1323 1060
Label 0.0011 -164 320 25 558
Label 0.0011 195 42 481 277
Label 0.0011 1349 1050 1492 1315
Label 0.0010 189 875 327 1047
Label 0.0010 -81 533 107 776
Label 0.0010 708 648 908 1052
Label 0.0010 1166 759 1423 1096
Label 0.0010 492 341 907 865
Label 0.0010 1200 301 1426 573
Label 0.0010 9 1333 102 1417
Label 0.0010 -7 302 168 584
Label 0.0010 326 1365 905 1823
Label 0.0010 1214 575 1426 843
Label 0.0010 788 625 976 943
Label 0.0010 834 1002 1023 1370
Label 0.0010 1314 734 1512 979
Label 0.0010 453 136 983 1038
Label 0.0010 488 1315 888 1404
Label 0.0010 556 1507 1103 1916
Label 0.0010 604 1028 903 1366
Label 0.0010 873 962 1015 1156
Label 0.0010 -332 899 -49 1203
Label 0.0010 474 0 721 39
Label 0.0010 342 1523 453 1626
Label 0.0010 1146 -16 1328 102
Label 0.0010 32 603 134 716
Label 0.0010 -223 1421 59 1768
Barcode 0.7621 730 1051 858 1115
Barcode 0.7585 183 1592 333 1649
Barcode 0.0225 200 1675 502 1748
Barcode 0.0173 634 1671 986 1734
Barcode 0.0160 297 1682 475 1724
Barcode 0.0121 203 1676 308 1717
Barcode 0.0106 -49 1670 153 1760
Barcode 0.0091 726 29 932 88
Barcode 0.0078 158 1616 409 1731
Barcode 0.0076 -304 22 46 168
Barcode 0.0074 -444 -187 93 621
Barcode 0.0072 -379 42 8 379
Barcode 0.0064 763 44 918 69
Barcode 0.0062 1013 597 1596 1707
Barcode 0.0060 -350 953 119 1387
Barcode 0.0058 -416 -19 240 1252
Barcode 0.0056 214 1549 293 1597
Barcode 0.0056 1104 140 1480 544
Barcode 0.0055 -423 471 232 1562
Barcode 0.0054 707 1687 1014 1749
Barcode 0.0054 1074 1008 1506 1338
Barcode 0.0053 1117 7 1474 175
Barcode 0.0053 -330 1067 82 1540
Barcode 0.0048 -338 100 131 599
Barcode 0.0047 1126 53 1470 391
Barcode 0.0044 1222 1081 1530 1562
Barcode 0.0043 -88 26 218 269
Barcode 0.0041 -365 407 176 856
Barcode 0.0040 638 274 1379 1494
Barcode 0.0040 785 633 1195 1164
Barcode 0.0039 1234 603 1552 958
Barcode 0.0038 1057 480 1528 785
Barcode 0.0037 940 0 1348 421
Barcode 0.0037 1068 852 1518 1213
Barcode 0.0037 -463 826 16 1236
Barcode 0.0037 903 441 1388 815
Barcode 0.0036 932 835 1344 1232
Barcode 0.0036 731 -7 1249 429
Barcode 0.0035 -443 1219 1 1657
Barcode 0.0034 913 965 1358 1380
Barcode 0.0033 288 1463 414 1540
Barcode 0.0032 752 421 1245 832
Barcode 0.0032 930 552 1360 985
Barcode 0.0032 1034 -250 1561 434
Barcode 0.0030 120 1657 279 1710
Barcode 0.0029 731 443 1016 833
Barcode 0.0029 1026 -55 1565 1028
Barcode 0.0029 1071 363 1522 636
Barcode 0.0028 1166 193 1650 1339
Barcode 0.0028 906 312 1391 680
Barcode 0.0027 -194 351 308 910
Barcode 0.0027 750 272 1260 701
Barcode 0.0027 -508 294 73 713
Barcode 0.0026 -410 1380 -21 1768
Barcode 0.0026 -377 1606 -65 1819
Barcode 0.0026 937 -44 1348 192
Barcode 0.0025 920 1204 1346 1683
Barcode 0.0025 758 -38 1210 181
Barcode 0.0024 791 956 1190 1394
Barcode 0.0023 659 1677 881 1716
Barcode 0.0022 1196 650 1570 1169
Barcode 0.0021 705 45 866 71
Barcode 0.0020 675 417 1013 1151
Barcode 0.0020 573 1652 1051 1798
Barcode 0.0020 89 1293 920 2105
Barcode 0.0019 673 1639 1289 1802
Barcode 0.0019 790 1047 976 1171
Barcode 0.0018 230 1665 425 1727
Barcode 0.0014 152 1661 238 1715
Barcode 0.0013 -497 506 51 1031
Barcode 0.0013 740 1031 856 1093
Barcode 0.0012 542 1704 660 1752
Color Chart 0.2663 631 1686 985 1725
Color Chart 0.2549 203 1660 902 1755
Color Chart 0.2324 246 1693 547 1729
Color Chart 0.2273 263 1691 532 1712
Color Chart 0.0830 696 1688 978 1711
Color Chart 0.0785 193 1694 545 1759
Color Chart 0.0342 522 1690 994 1755
Color Chart 0.0318 207 1682 469 1708
Color Chart 0.0226 323 1692 465 1711
Color Chart 0.0204 492 1673 930 1730
Color Chart 0.0196 430 1684 809 1739
Color Chart 0.0162 -63 1673 164 1766
Color Chart 0.0146 202 1675 315 1720
Color Chart 0.0127 665 1707 988 1750
Color Chart 0.0123 244 1682 660 1709
Color Chart 0.0122 673 1688 814 1716
Color Chart 0.0094 733 1692 880 1705
Color Chart 0.0093 380 1649 734 1762
Color Chart 0.0088 224 1618 995 1791
Color Chart 0.0066 268 1687 398 1700
Color Chart 0.0065 -804 -501 441 922
Color Chart 0.0054 305 -12 1743 1726
Color Chart 0.0053 -540 551 118 1470
Color Chart 0.0052 -773 249 646 2023
Color Chart 0.0049 -704 814 288 2016
Color Chart 0.0049 512 -526 1815 922
Color Chart 0.0047 -503 -142 104 827
Color Chart 0.0047 -957 -398 821 1586
Color Chart 0.0046 877 589 1724 1975
Color Chart 0.0045 275 1689 663 1768
Color Chart 0.0044 515 1702 666 1747
Color Chart 0.0043 691 1679 908 1718
Color Chart 0.0042 -358 -143 449 800
Color Chart 0.0041 -527 901 97 1682
Color Chart 0.0040 228 1686 348 1702
Color Chart 0.0039 762 1680 1007 1715
Color Chart 0.0038 651 84 2211 2198
Color Chart 0.0036 148 1682 386 1730
Color Chart 0.0035 637 1679 828 1722
Color Chart 0.0032 160 1669 233 1700
Color Chart 0.0030 665 9 1360 1200
Color Chart 0.0028 562 1698 688 1729
Color Chart 0.0028 130 1603 583 1888
Color Chart 0.0024 790 1693 934 1703
Color Chart 0.0019 268 1669 717 1727
Color Chart 0.0018 678 700 1333 1598
Color Chart 0.0018 583 -529 2319 1480
Color Chart 0.0018 737 1128 1552 2223
Color Chart 0.0018 827 1683 958 1700
Color Chart 0.0016 -42 1671 472 1784
Color Chart 0.0015 520 787 601 827
Color Chart 0.0015 548 1674 655 1734
Color Chart 0.0015 391 1688 535 1708
Color Chart 0.0014 79 1669 317 1738
Color Chart 0.0014 -422 1092 311 2271
Color Chart 0.0014 95 723 881 1807
Color Chart 0.0012 1137 163 1311 468
Color Chart 0.0012 907 1676 1014 1743
Color Chart 0.0011 701 1699 858 1712
Color Chart 0.0010 1126 318 1315 580
Color Chart 0.0010 1034 1109 1790 2248
Scale 0.1725 143 1663 953 1762
Scale 0.0069 1188 1045 1534 1784
Scale 0.0060 1050 -64 1545 730
Scale 0.0033 852 -120 1441 802
Scale 0.0030 418 162 698 634
Scale 0.0017 473 222 630 665
Scale 0.0016 1082 87 1353 509
Scale 0.0015 188 186 777 596
Scale 0.0014 -101 956 790 2377
Scale 0.0013 1122 122 1456 611
Scale 0.0011 1083 230 1343 643
Scale 0.0011 489 272 573 634
Scale 0.0010 1097 -8 1346 346
Scale 0.0010 198 1079 514 1318
Specimen 0.8527 -21 72 935 1636
Specimen 0.0269 11 157 443 1553
Specimen 0.0161 77 184 499 1001
Specimen 0.0132 125 466 449 1032
Specimen 0.0097 41 127 837 842
Specimen 0.0082 94 642 865 1186
Specimen 0.0081 -349 14 512 1698
Specimen 0.0075 159 602 425 889
Specimen 0.0068 354 121 800 640
Specimen 0.0067 1199 1147 1519 1714
Specimen 0.0061 60 122 552 645
Specimen 0.0056 521 130 909 599
Specimen 0.0052 376 242 954 1557
Specimen 0.0045 253 692 634 1618
Specimen 0.0044 336 3 1361 1729
Specimen 0.0043 107 397 736 1510
Specimen 0.0042 265 1316 850 1692
Specimen 0.0042 180 24 1025 709
Specimen 0.0041 -286 -218 704 875
Specimen 0.0038 -294 -4 -5 145
Specimen 0.0034 -224 -12 52 368
Specimen 0.0034 -42 -182 981 558
Specimen 0.0030 -305 239 380 1294
Specimen 0.0027 511 150 721 636
Specimen 0.0026 1124 1049 1464 1591
Specimen 0.0025 578 92 1100 1432
Specimen 0.0024 -394 1012 -18 1622
Specimen 0.0023 633 481 1014 1319
Specimen 0.0022 -400 437 -11 1243
Specimen 0.0022 -128 317 264 1215
Specimen 0.0022 58 594 269 1079
Specimen 0.0022 364 544 613 1240
Specimen 0.0022 1227 1677 1476 1773
Specimen 0.0021 -219 1191 44 1592
Specimen 0.0021 1042 466 1386 1219
Specimen 0.0021 -185 107 10 397
Specimen 0.0021 150 878 539 1480
Specimen 0.0020 230 575 815 972
Specimen 0.0020 34 578 396 967
Specimen 0.0019 -389 822 -28 1405
Specimen 0.0019 1203 579 1484 1115
Specimen 0.0019 -275 1045 -10 1468
Specimen 0.0018 -249 928 -15 1200
Specimen 0.0018 -255 53 -22 445
Specimen 0.0018 -37 1672 139 1768
Specimen 0.0018 41 505 243 800
Specimen 0.0017 1223 1 1466 224
Specimen 0.0017 1191 54 1434 407
Specimen 0.0017 1192 1209 1432 1583
Specimen 0.0017 -322 1680 -55 1776
Specimen 0.0017 1001 506 1299 1052
Specimen 0.0016 441 225 672 656
Specimen 0.0016 1124 714 1454 1248
Specimen 0.0016 1288 1046 1531 1598
Specimen 0.0016 -289 747 -2 1221
Specimen 0.0016 -283 350 -17 810
Specimen 0.0016 -233 460 -13 695
Specimen 0.0016 15 408 288 900
Specimen 0.0016 -245 1505 111 1833
Specimen 0.0016 -301 19 -52 307
Specimen 0.0015 1082 1092 1348 1541
Specimen 0.0015 -295 112 2 632
Specimen 0.0015 1172 1105 1409 1439
Specimen 0.0014 -176 958 18 1167
Specimen 0.0014 365 1598 1006 1867
Specimen 0.0014 1055 596 1254 855
Specimen 0.0014 21 265 253 761
Specimen 0.0014 -279 1242 -8 1672
Specimen 0.0014 -243 522 -27 801
Specimen 0.0014 -308 1576 -90 1781
Specimen 0.0014 1178 -14 1412 154
Specimen 0.0014 -248 701 -27 1021
Specimen 0.0013 -209 935 38 1310
Specimen 0.0013 1144 83 1315 385
Specimen 0.0013 1081 830 1345 1270
Specimen 0.0013 1140 472 1435 955
Specimen 0.0013 1289 559 1522 1004
Specimen 0.0013 -255 568 80 1124
Specimen 0.0013 -194 10 30 213
Specimen 0.0013 1235 653 1464 934
Specimen 0.0013 204 -25 745 355
Specimen 0.0012 -241 307 -6 568
Specimen 0.0012 -211 397 198 1015
Specimen 0.0012 1291 370 1522 788
Specimen 0.0012 1290 759 1526 1208
Specimen 0.0012 1128 944 1314 1185
Specimen 0.0012 -44 501 192 904
Specimen 0.0012 1145 0 1302 227
Specimen 0.0012 412 623 698 1325
Specimen 0.0012 1051 453 1258 726
Specimen 0.0012 -352 1300 -60 1740
Specimen 0.0012 1213 955 1477 1420
Specimen 0.0011 1125 285 1449 728
Specimen 0.0011 1338 1098 1493 1400
Specimen 0.0011 -216 438 39 855
Specimen 0.0011 1137 -27 1318 126
Specimen 0.0011 0 107 281 640
Specimen 0.0011 1122 601 1322 850
Specimen 0.0011 -238 681 -5 876
Specimen 0.0011 -215 313 40 709
Specimen 0.0011 1271 1150 1461 1484
Specimen 0.0011 1177 926 1406 1211
Specimen 0.0011 -171 563 19 760
Specimen 0.0011 1296 -39 1534 384
Specimen 0.0011 -191 818 27 1050
Specimen 0.0010 1091 370 1333 781
Specimen 0.0010 752 518 1008 1045
Specimen 0.0010 1062 76 1252 420
Specimen 0.0010 -173 420 21 623
Specimen 0.0010 -179 264 22 506
Specimen 0.0010 1182 693 1412 1023
Specimen 0.0010 1172 443 1420 746
Specimen 0.0010 -215 1676 101 1778
Specimen 0.0010 -8 187 149 578
Specimen 0.0010 1017 52 1294 560
Specimen 0.0010 1016 289 1287 729
Specimen 0.0010 1241 -18 1482 115
Specimen 0.0010 1288 128 1529 618
Specimen 0.0010 -345 636 -64 1083
Specimen 0.0010 -176 629 23 833
Specimen 0.0010 1178 587 1421 871
Specimen 0.0010 265 1223 562 1671
Specimen 0.0010 1061 703 1246 1002
Specimen 0.0010 1053 846 1256 1140
Specimen 0.0010 -352 1394 -190 1784
