Label 0.8729 623 1183 980 1658
Label 0.8159 655 1033 979 1181
Label 0.4650 7 8 359 221
Label 0.4051 592 14 956 95
Label 0.1992 -20 1667 198 1767
Label 0.1390 9 1245 270 1657
Label 0.0623 608 4 933 58
Label 0.0513 7 1564 185 1653
Label 0.0479 -8 223 349 378
Label 0.0452 397 17 974 117
Label 0.0384 521 1048 659 1181
Label 0.0264 204 1109 378 1213
Label 0.0219 806 834 975 1002
Label 0.0200 565 -19 1009 137
Label 0.0162 648 1470 964 1663
Label 0.0159 327 1323 609 1621
Label 0.0150 669 979 1007 1254
Label 0.0147 213 1157 376 1286
Label 0.0143 205 -2 726 154
Label 0.0143 389 1442 637 1702
Label 0.0142 360 16 612 132
Label 0.0139 9 1208 580 1648
Label 0.0139 187 1588 915 1809
Label 0.0138 -10 223 185 319
Label 0.0129 624 210 691 264
Label 0.0122 1056 925 1553 1672
Label 0.0118 132 201 352 410
Label 0.0113 24 3 361 31
Label 0.0112 828 90 968 168
Label 0.0109 1160 1542 1463 1751
Label 0.0106 352 -3 752 111
Label 0.0102 594 25 827 86
Label 0.0095 1157 1192 1481 1711
Label 0.0086 715 27 934 85
Label 0.0085 -548 639 134 1406
Label 0.0084 -52 81 298 334
Label 0.0081 466 1077 641 1219
Label 0.0080 373 1576 739 1734
Label 0.0079 -481 800 34 1255
Label 0.0079 -2 1515 230 1659
Label 0.0078 253 -2 930 337
Label 0.0074 779 69 1000 199
Label 0.0073 4 259 271 694
Label 0.0070 298 1189 622 1543
Label 0.0067 277 1124 879 1579
Label 0.0065 711 133 955 251
Label 0.0065 -16 1187 214 1545
Label 0.0064 9 252 129 343
Label 0.0063 1194 1398 1521 1751
Label 0.0056 -17 746 104 841
Label 0.0055 375 -32 984 189
Label 0.0054 26 752 144 849
Label 0.0053 -440 216 236 1313
Label 0.0052 251 1080 401 1198
Label 0.0050 -339 1639 196 1787
Label 0.0049 996 520 1605 1511
Label 0.0049 15 766 102 829
Label 0.0047 180 1133 389 1334
Label 0.0047 -364 -122 134 562
Label 0.0044 33 816 343 1249
Label 0.0043 234 934 994 1661
Label 0.0043 874 251 998 462
Label 0.0042 6 226 182 280
Label 0.0041 735 966 890 1041
Label 0.0041 -158 439 608 1581
Label 0.0040 435 924 623 1067
Label 0.0040 824 119 997 297
Label 0.0040 253 997 668 1303
Label 0.0038 583 4 2009 1974
Label 0.0037 11 294 115 340
Label 0.0037 409 939 673 1162
Label 0.0037 -367 1473 227 1904
Label 0.0037 520 974 695 1202
Label 0.0036 -33 745 161 976
Label 0.0035 -11 595 180 942
Label 0.0035 104 -52 825 248
Label 0.0034 1165 1679 1467 1759
Label 0.0033 160 1092 446 1400
Label 0.0033 132 850 474 1276
Label 0.0033 992 10 1616 1254
Label 0.0031 25 248 231 375
Label 0.0031 151 1108 338 1247
Label 0.0031 -469 1088 282 1770
Label 0.0031 657 59 953 193
Label 0.0031 200 1153 350 1231
Label 0.0030 757 1057 921 1152
Label 0.0030 32 749 189 944
Label 0.0030 476 919 643 1023
Label 0.0030 876 -208 1428 634
Label 0.0030 464 1217 611 1395
Label 0.0030 18 474 280 1044
Label 0.0029 550 1629 1057 1747
Label 0.0029 651 1146 967 1373
Label 0.0029 91 975 414 1377
Label 0.0028 99 1020 339 1225
Label 0.0028 24 722 243 1024
Label 0.0028 114 838 793 1430
Label 0.0027 766 978 857 1028
Label 0.0027 -10 378 197 757
Label 0.0027 -179 1269 213 1549
Label 0.0026 821 1378 1159 1747
Label 0.0026 375 865 712 1225
Label 0.0026 486 1081 589 1196
Label 0.0025 -437 -356 594 1771
Label 0.0025 -35 751 87 916
Label 0.0025 -257 1597 134 1761
Label 0.0024 302 1101 399 1161
Label 0.0024 384 1018 597 1196
Label 0.0024 856 445 994 593
Label 0.0024 411 1099 584 1246
Label 0.0023 -246 9 254 207
Label 0.0023 858 1600 1396 1797
Label 0.0023 -255 721 -18 1001
Label 0.0022 -261 29 -26 333
Label 0.0022 624 1091 993 1199
Label 0.0022 -300 695 -1 1142
Label 0.0022 1167 592 1305 825
Label 0.0022 258 1210 428 1397
Label 0.0021 826 492 944 569
Label 0.0021 939 1192 1315 1694
Label 0.0020 829 110 977 214
Label 0.0020 -215 439 350 1327
Label 0.0020 1164 168 1302 429
Label 0.0020 -186 754 13 960
Label 0.0020 753 1083 1168 1540
Label 0.0020 947 1407 1314 1753
Label 0.0020 483 927 872 1197
Label 0.0020 63 9 620 212
Label 0.0019 1194 54 1433 401
Label 0.0019 1169 451 1302 693
Label 0.0019 -260 579 -17 870
Label 0.0019 826 1460 1449 1882
Label 0.0019 6 -9 337 124
Label 0.0019 851 192 970 367
Label 0.0019 693 980 978 1103
Label 0.0019 343 1402 809 1807
Label 0.0019 786 866 918 1003
Label 0.0019 -328 682 420 1622
Label 0.0019 1159 1421 1307 1660
Label 0.0019 -273 431 -13 737
Label 0.0018 776 107 1042 525
Label 0.0018 -228 1187 -18 1457
Label 0.0018 -274 279 -11 621
Label 0.0018 589 187 721 284
Label 0.0018 1166 940 1305 1167
Label 0.0018 1159 1142 1300 1365
Label 0.0017 1167 312 1300 559
Label 0.0017 1143 1727 1480 1769
Label 0.0017 676 1311 932 1627
Label 0.0017 -178 112 17 384
Label 0.0017 449 34 788 285
Label 0.0017 -228 842 -24 1126
Label 0.0017 -37 1528 719 1899
Label 0.0017 1144 1198 1296 1463
Label 0.0017 -10 556 27 626
Label 0.0017 701 76 957 315
Label 0.0017 -246 -238 471 372
Label 0.0017 -73 1028 103 1231
Label 0.0017 1135 1465 1336 1726
Label 0.0017 14 462 96 671
Label 0.0017 700 37 862 68
Label 0.0017 292 1144 502 1367
Label 0.0017 13 778 116 865
Label 0.0017 352 30 629 277
Label 0.0017 1358 579 1496 840
Label 0.0016 726 921 926 1072
Label 0.0016 1360 787 1494 1041
Label 0.0016 -79 272 281 889
Label 0.0016 714 -287 1281 422
Label 0.0016 272 1041 508 1213
Label 0.0016 1200 1130 1424 1379
Label 0.0016 422 1176 626 1469
Label 0.0016 -189 818 16 1035
Label 0.0016 417 1 637 99
Label 0.0016 -44 185 105 323
Label 0.0016 -76 947 492 1762
Label 0.0016 314 8 566 196
Label 0.0016 591 726 1395 1822
Label 0.0016 760 931 1075 1163
Label 0.0016 485 952 632 1099
Label 0.0016 629 744 1050 1320
Label 0.0015 -172 666 16 891
Label 0.0015 -78 4 91 228
Label 0.0015 293 1533 871 1682
Label 0.0015 1357 443 1496 705
Label 0.0015 -63 649 123 937
Label 0.0015 498 964 621 1024
Label 0.0015 1219 937 1410 1168
Label 0.0015 1360 922 1494 1176
Label 0.0015 269 -3 605 102
Label 0.0015 1130 793 1312 1054
Label 0.0015 -271 907 -8 1221
Label 0.0015 -260 135 -18 502
Label 0.0015 1246 658 1464 926
Label 0.0015 -146 1150 314 1671
Label 0.0015 413 -3 789 38
Label 0.0015 -292 1060 0 1447
Label 0.0015 1006 1202 1587 2106
Label 0.0014 166 25 397 220
Label 0.0014 884 1476 988 1685
Label 0.0014 -73 784 101 1055
Label 0.0014 256 1174 376 1252
Label 0.0014 1220 582 1416 836
Label 0.0014 0 1079 120 1267
Label 0.0014 371 1155 595 1371
Label 0.0014 1215 442 1417 707
Label 0.0014 -300 1462 -118 1748
Label 0.0014 -32 474 84 684
Label 0.0014 4 456 52 604
Label 0.0014 445 1579 611 1662
Label 0.0014 -168 1126 19 1375
Label 0.0014 -51 1545 115 1652
Label 0.0013 32 715 192 859
Label 0.0013 -3 -313 962 421
Label 0.0013 679 1045 1261 1772
Label 0.0013 1240 783 1469 1072
Label 0.0013 1327 666 1509 912
Label 0.0013 19 215 314 286
Label 0.0013 468 106 916 260
Label 0.0013 629 843 903 1128
Label 0.0013 -20 1545 272 1863
Label 0.0013 192 1208 374 1415
Label 0.0013 -46 -133 394 275
Label 0.0013 -189 951 23 1172
Label 0.0013 504 985 611 1067
Label 0.0012 -263 1247 -15 1563
Label 0.0012 1097 1159 1333 1604
Label 0.0012 61 1489 305 1686
Label 0.0012 575 1046 789 1214
Label 0.0012 1156 746 1316 944
Label 0.0012 463 959 595 1039
Label 0.0012 539 937 645 1006
Label 0.0012 340 1070 439 1141
Label 0.0012 852 1427 1011 1651
Label 0.0012 -219 1046 -21 1332
Label 0.0012 227 36 460 266
Label 0.0012 -42 604 89 808
Label 0.0012 1326 1680 1522 1776
Label 0.0012 -3 1168 679 2220
Label 0.0012 -203 34 50 290
Label 0.0012 613 42 750 73
Label 0.0012 824 459 937 544
Label 0.0012 1212 737 1425 951
Label 0.0012 605 1071 942 1455
Label 0.0012 1279 506 1461 776
Label 0.0011 1323 864 1513 1120
Label 0.0011 802 462 968 652
Label 0.0011 81 1319 458 1599
Label 0.0011 -254 1399 -33 1677
Label 0.0011 150 1245 372 1558
Label 0.0011 27 737 132 808
Label 0.0011 754 909 877 1022
Label 0.0011 11 570 118 859
Label 0.0011 -342 626 -33 938
Label 0.0011 858 0 996 34
Label 0.0011 21 1271 171 1479
Label 0.0011 1077 595 1262 835
Label 0.0011 43 999 242 1249
Label 0.0011 270 1071 379 1156
Label 0.0011 -222 1312 86 1590
Label 0.0011 1290 929 1460 1173
Label 0.0011 152 1163 313 1327
Label 0.0010 120 59 279 173
Label 0.0010 84 1188 297 1494
Label 0.0010 469 985 579 1074
Label 0.0010 465 1052 719 1262
Label 0.0010 -327 1166 -69 1470
Label 0.0010 1351 292 1496 576
Label 0.0010 1079 456 1261 704
Label 0.0010 561 838 931 1380
Label 0.0010 1203 214 1429 519
Label 0.0010 516 1487 1147 1893
Label 0.0010 -151 1406 200 1645
Label 0.0010 517 1028 606 1110
Label 0.0010 577 1021 673 1135
Label 0.0010 -184 241 27 521
Barcode 0.8445 453 1543 602 1611
Barcode 0.6313 836 175 956 237
Barcode 0.1383 882 183 960 233
Barcode 0.0389 0 459 54 494
Barcode 0.0166 227 1105 364 1186
Barcode 0.0150 454 1559 593 1643
Barcode 0.0143 8 465 47 506
Barcode 0.0139 621 205 690 268
Barcode 0.0133 698 810 762 882
Barcode 0.0106 -52 1668 152 1758
Barcode 0.0096 194 1681 519 1757
Barcode 0.0090 773 186 935 237
Barcode 0.0088 -326 693 112 1113
Barcode 0.0084 13 457 67 510
Barcode 0.0079 1143 13 1470 181
Barcode 0.0070 -352 802 134 1271
Barcode 0.0069 -455 -188 80 628
Barcode 0.0069 -495 934 48 1399
Barcode 0.0069 -12 464 30 503
Barcode 0.0065 1102 1012 1490 1332
Barcode 0.0064 805 190 901 231
Barcode 0.0062 -452 131 19 578
Barcode 0.0061 -383 39 3 390
Barcode 0.0059 476 1548 610 1588
Barcode 0.0059 -306 8 63 177
Barcode 0.0059 -10 724 90 852
Barcode 0.0058 1092 150 1498 542
Barcode 0.0057 -367 268 139 713
Barcode 0.0055 1130 57 1480 382
Barcode 0.0055 -495 1225 39 1656
Barcode 0.0050 1100 850 1491 1200
Barcode 0.0048 632 1670 991 1742
Barcode 0.0047 -466 536 29 983
Barcode 0.0043 737 31 921 102
Barcode 0.0043 747 174 957 222
Barcode 0.0043 1189 667 1613 1642
Barcode 0.0042 1240 594 1543 949
Barcode 0.0041 1227 1090 1530 1551
Barcode 0.0040 -352 413 133 851
Barcode 0.0039 11 740 102 812
Barcode 0.0039 1063 474 1526 787
Barcode 0.0037 1065 345 1525 652
Barcode 0.0035 1072 643 1515 1138
Barcode 0.0034 1006 -78 1595 1053
Barcode 0.0034 0 774 71 830
Barcode 0.0032 557 1038 641 1132
Barcode 0.0032 -440 1380 0 1781
Barcode 0.0032 965 40 1334 387
Barcode 0.0032 585 221 706 281
Barcode 0.0032 287 1084 410 1183
Barcode 0.0031 802 183 900 213
Barcode 0.0031 -393 1609 -56 1823
Barcode 0.0031 -371 1075 176 1567
Barcode 0.0029 959 -34 1329 193
Barcode 0.0028 927 128 1355 565
Barcode 0.0027 884 284 1411 703
Barcode 0.0026 1127 359 1677 1417
Barcode 0.0026 318 1652 648 1741
Barcode 0.0025 917 1051 1342 1561
Barcode 0.0025 755 326 1192 923
Barcode 0.0025 609 38 742 84
Barcode 0.0023 259 1323 911 2075
Barcode 0.0023 -209 760 304 1286
Barcode 0.0023 320 1063 444 1198
Barcode 0.0023 919 185 990 233
Barcode 0.0022 793 -39 1155 211
Barcode 0.0022 -7 554 26 633
Barcode 0.0022 716 1619 1265 1805
Barcode 0.0021 796 255 1140 699
Barcode 0.0021 93 221 304 261
Barcode 0.0021 869 483 1427 1046
Barcode 0.0020 837 189 965 286
Barcode 0.0019 883 812 1394 1268
Barcode 0.0019 1167 -281 1620 454
Barcode 0.0018 635 42 788 74
Barcode 0.0018 729 33 891 65
Barcode 0.0017 -8 233 77 282
Barcode 0.0017 341 1093 428 1161
Barcode 0.0016 410 1573 637 1665
Barcode 0.0016 497 941 627 1006
Barcode 0.0015 506 -707 1523 797
Barcode 0.0014 311 1117 406 1193
Barcode 0.0013 -22 615 22 684
Barcode 0.0013 578 929 663 1006
Barcode 0.0013 899 176 1005 243
Barcode 0.0013 722 6 1003 88
Barcode 0.0012 872 0 986 29
Barcode 0.0012 460 925 590 1009
Barcode 0.0012 -6 214 58 263
Barcode 0.0012 -17 603 29 657
Barcode 0.0011 315 1681 511 1721
Barcode 0.0011 843 19 952 80
Barcode 0.0011 -40 404 99 524
Barcode 0.0010 -3 619 41 693
Barcode 0.0010 848 48 951 118
Barcode 0.0010 841 3 977 40
Barcode 0.0010 827 472 928 536
Color Chart 0.2963 203 1660 907 1758
Color Chart 0.2108 217 1693 524 1737
Color Chart 0.1375 260 1691 529 1714
Color Chart 0.0637 530 1683 952 1725
Color Chart 0.0378 645 1689 975 1714
Color Chart 0.0246 666 1697 992 1724
Color Chart 0.0193 -60 1668 159 1765
Color Chart 0.0168 604 1686 1000 1749
Color Chart 0.0167 257 1681 652 1717
Color Chart 0.0164 178 1681 358 1717
Color Chart 0.0151 325 1691 465 1712
Color Chart 0.0141 413 1673 764 1749
Color Chart 0.0121 212 1683 311 1709
Color Chart 0.0089 694 804 766 862
Color Chart 0.0087 -519 -96 105 783
Color Chart 0.0079 -561 768 148 1544
Color Chart 0.0078 226 1612 999 1791
Color Chart 0.0078 -928 -410 538 1078
Color Chart 0.0077 161 1686 322 1732
Color Chart 0.0074 1019 703 1578 1606
Color Chart 0.0073 -978 659 585 2184
Color Chart 0.0067 -831 -162 662 1862
Color Chart 0.0067 294 1680 475 1728
Color Chart 0.0065 178 1672 620 1737
Color Chart 0.0064 -586 1053 156 1791
Color Chart 0.0055 -531 280 120 1217
Color Chart 0.0054 606 289 1979 1993
Color Chart 0.0050 193 1681 286 1727
Color Chart 0.0048 280 1695 661 1769
Color Chart 0.0046 1062 -254 1545 435
Color Chart 0.0045 567 -495 2040 1166
Color Chart 0.0041 672 1691 816 1715
Color Chart 0.0041 225 1704 614 1751
Color Chart 0.0040 272 1690 397 1706
Color Chart 0.0036 -38 1666 449 1774
Color Chart 0.0035 737 1692 876 1707
Color Chart 0.0034 506 1690 868 1742
Color Chart 0.0034 950 811 1883 2017
Color Chart 0.0029 230 -622 2108 2040
Color Chart 0.0028 617 1713 973 1744
Color Chart 0.0028 239 1691 350 1706
Color Chart 0.0027 758 1683 1015 1726
Color Chart 0.0027 829 -142 1459 825
Color Chart 0.0026 -451 1040 327 2317
Color Chart 0.0024 747 -6 1561 1256
Color Chart 0.0020 60 1632 343 1769
Color Chart 0.0019 392 1686 535 1711
Color Chart 0.0017 143 229 255 254
Color Chart 0.0017 -293 1132 6 1509
Color Chart 0.0017 749 438 1547 1612
Color Chart 0.0017 749 1112 1546 2242
Color Chart 0.0017 1150 181 1302 447
Color Chart 0.0016 456 1706 719 1747
Color Chart 0.0014 883 1685 981 1719
Color Chart 0.0014 800 1693 932 1708
Color Chart 0.0014 691 794 821 872
Color Chart 0.0013 354 1688 501 1718
Color Chart 0.0012 689 1685 904 1730
Color Chart 0.0012 675 821 750 885
Color Chart 0.0012 68 1656 314 1711
Color Chart 0.0012 225 1665 426 1740
Color Chart 0.0011 72 1672 467 1742
Color Chart 0.0010 894 1677 1024 1743
Color Chart 0.0010 924 1680 996 1732
Color Chart 0.0010 49 1670 204 1732
Color Chart 0.0010 624 915 768 1028
Scale 0.1203 186 1674 1016 1756
Scale 0.0064 1043 -134 1559 791
Scale 0.0059 -432 -72 210 763
Scale 0.0052 1180 885 1597 1705
Scale 0.0022 649 72 1328 1141
Scale 0.0018 1135 17 1456 446
Scale 0.0017 1096 100 1335 494
Scale 0.0012 1105 0 1345 333
Scale 0.0011 -48 414 65 725
Specimen 0.8852 22 144 979 1399
Specimen 0.1624 689 94 918 528
Specimen 0.0696 181 227 339 419
Specimen 0.0423 74 205 357 420
Specimen 0.0234 710 139 939 329
Specimen 0.0184 29 217 377 765
Specimen 0.0170 76 526 858 1138
Specimen 0.0152 -20 83 937 708
Specimen 0.0099 802 868 937 1005
Specimen 0.0078 1197 1157 1526 1714
Specimen 0.0068 649 107 997 1095
Specimen 0.0063 497 64 983 559
Specimen 0.0060 170 200 422 453
Specimen 0.0057 699 803 757 870
Specimen 0.0055 16 252 332 482
Specimen 0.0054 38 173 636 824
Specimen 0.0048 199 -94 1012 476
Specimen 0.0047 702 111 845 285
Specimen 0.0045 529 -7 1158 1195
Specimen 0.0044 389 200 937 1267
Specimen 0.0037 346 288 666 1106
Specimen 0.0036 643 800 790 870
Specimen 0.0035 -288 -3 -12 136
Specimen 0.0029 54 663 895 1560
Specimen 0.0029 664 519 958 1183
Specimen 0.0028 284 808 700 1266
Specimen 0.0028 211 1135 425 1368
Specimen 0.0027 824 810 1006 1042
Specimen 0.0027 152 181 366 362
Specimen 0.0026 -148 -18 565 1452
Specimen 0.0025 179 693 654 1387
Specimen 0.0025 -40 202 378 1288
Specimen 0.0025 738 530 1085 1246
Specimen 0.0025 -221 -82 223 296
Specimen 0.0024 1059 489 1374 1193
Specimen 0.0024 1132 1074 1461 1569
Specimen 0.0023 95 761 522 1300
Specimen 0.0023 -282 -6 -7 351
Specimen 0.0023 -238 46 73 426
Specimen 0.0022 -31 -54 404 366
Specimen 0.0022 -34 1670 135 1767
Specimen 0.0022 1225 1676 1478 1773
Specimen 0.0022 -426 612 -3 1208
Specimen 0.0022 -290 568 -2 996
Specimen 0.0021 1220 -2 1464 228
Specimen 0.0020 1183 -11 1412 154
Specimen 0.0019 491 846 869 1251
Specimen 0.0019 -410 392 -5 1021
Specimen 0.0019 713 785 795 879
Specimen 0.0019 1139 606 1313 840
Specimen 0.0019 1223 607 1471 1081
Specimen 0.0019 265 1099 525 1409
Specimen 0.0019 1103 489 1324 931
Specimen 0.0018 -253 1506 120 1827
Specimen 0.0018 790 792 951 985
Specimen 0.0018 1305 686 1516 1142
Specimen 0.0017 432 -268 1007 385
Specimen 0.0017 638 88 916 296
Specimen 0.0017 250 1205 439 1403
Specimen 0.0017 1305 491 1512 932
Specimen 0.0017 1178 51 1420 455
Specimen 0.0017 -180 49 405 881
Specimen 0.0017 1199 1183 1428 1463
Specimen 0.0016 1089 749 1341 1211
Specimen 0.0016 1142 467 1307 708
Specimen 0.0016 622 161 906 689
Specimen 0.0016 1299 956 1519 1418
Specimen 0.0016 -422 820 -17 1396
Specimen 0.0015 1139 945 1307 1184
Specimen 0.0015 -222 655 42 1039
Specimen 0.0015 1092 1106 1339 1526
Specimen 0.0015 -308 1664 -90 1788
Specimen 0.0015 1144 1080 1302 1316
Specimen 0.0015 1184 1064 1404 1344
Specimen 0.0015 1300 288 1518 729
Specimen 0.0014 1187 936 1403 1200
Specimen 0.0014 85 1161 423 1615
Specimen 0.0014 1244 -17 1478 113
Specimen 0.0014 1148 -23 1313 123
Specimen 0.0014 -293 143 0 599
Specimen 0.0014 1155 2 1303 228
Specimen 0.0014 1143 326 1303 577
Specimen 0.0014 741 160 862 282
Specimen 0.0014 1105 376 1317 773
Specimen 0.0014 1355 1049 1494 1314
Specimen 0.0014 -230 1138 62 1506
Specimen 0.0013 1156 438 1418 851
Specimen 0.0013 667 803 752 906
Specimen 0.0013 -213 523 48 908
Specimen 0.0013 484 26 889 331
Specimen 0.0013 1146 710 1305 991
Specimen 0.0013 1101 995 1322 1376
Specimen 0.0013 -294 980 -3 1393
Specimen 0.0013 1228 371 1459 782
Specimen 0.0013 -127 714 136 1118
Specimen 0.0013 1189 648 1408 936
Specimen 0.0012 -219 790 39 1176
Specimen 0.0012 1095 237 1326 635
Specimen 0.0012 56 764 344 1092
Specimen 0.0012 -402 1083 -30 1549
Specimen 0.0012 98 -29 569 332
Specimen 0.0012 1245 856 1469 1135
Specimen 0.0012 1133 130 1445 605
Specimen 0.0012 -220 930 39 1309
Specimen 0.0012 1143 300 1430 717
Specimen 0.0012 9 682 232 1019
Specimen 0.0012 1229 906 1463 1334
Specimen 0.0012 91 836 340 1271
Specimen 0.0011 97 334 844 939
Specimen 0.0011 -31 429 166 991
Specimen 0.0011 330 216 632 707
Specimen 0.0011 -303 1584 -84 1762
Specimen 0.0011 -335 1408 -82 1776
Specimen 0.0011 1064 594 1253 855
Specimen 0.0011 683 311 934 842
Specimen 0.0011 1300 1159 1514 1509
Specimen 0.0010 1284 1119 1464 1391
Specimen 0.0010 1327 389 1508 648
Specimen 0.0010 332 674 888 1303
Specimen 0.0010 -297 1263 14 1642
Specimen 0.0010 304 579 877 983
Specimen 0.0010 811 463 977 641
Specimen 0.0010 1065 454 1253 724
Specimen 0.0010 779 434 979 1002
Specimen 0.0010 -102 475 106 926
Specimen 0.0010 -29 58 419 594
Specimen 0.0010 74 221 314 276
Specimen 0.0010 -206 1678 98 1782
Specimen 0.0010 -304 4 -70 210
Specimen 0.0010 -13 354 270 1060
Specimen 0.0010 -250 1327 99 1717
