Label 0.8582 610 1320 990 1661
Label 0.6921 640 0 989 73
Label 0.4863 700 62 916 118
Label 0.4729 734 73 872 121
Label 0.3909 4 1076 485 1429
Label 0.3543 235 766 458 929
Label 0.1457 -18 1669 203 1768
Label 0.1374 237 696 519 986
Label 0.0464 689 9 943 60
Label 0.0457 645 6 982 134
Label 0.0378 675 1370 936 1612
Label 0.0229 231 750 410 851
Label 0.0224 404 1607 734 1721
Label 0.0194 733 68 881 159
Label 0.0191 405 1579 648 1687
Label 0.0160 1132 1097 1484 1778
Label 0.0147 1059 933 1552 1665
Label 0.0124 1156 1522 1462 1753
Label 0.0119 77 1141 334 1383
Label 0.0077 21 1291 382 1623
Label 0.0074 -14 1554 192 1744
Label 0.0070 1206 1340 1483 1772
Label 0.0070 594 27 936 194
Label 0.0068 21 1425 335 1668
Label 0.0067 69 1350 292 1407
Label 0.0060 220 1585 993 1799
Label 0.0058 721 1142 916 1296
Label 0.0056 220 690 394 918
Label 0.0056 670 1104 943 1409
Label 0.0055 315 1570 791 1766
Label 0.0055 741 22 902 48
Label 0.0053 320 858 490 1027
Label 0.0051 623 -51 1008 245
Label 0.0048 -170 1256 291 1652
Label 0.0047 106 449 381 793
Label 0.0046 757 53 978 248
Label 0.0045 1101 -35 1524 461
Label 0.0043 -383 1081 180 1768
Label 0.0043 -129 1110 305 1442
Label 0.0043 -312 -68 765 1303
Label 0.0041 15 318 449 919
Label 0.0041 463 1531 658 1716
Label 0.0041 -395 797 547 2010
Label 0.0041 213 0 952 146
Label 0.0039 -358 -218 469 367
Label 0.0038 1165 1678 1466 1758
Label 0.0038 -383 422 465 1557
Label 0.0036 205 741 406 1021
Label 0.0034 107 1205 784 1678
Label 0.0034 900 -84 1387 513
Label 0.0033 -13 1394 607 1702
Label 0.0033 87 599 517 1365
Label 0.0032 848 873 1434 1717
Label 0.0032 78 5 796 367
Label 0.0031 -304 918 380 1439
Label 0.0031 148 654 393 1094
Label 0.0031 729 1281 1176 1654
Label 0.0030 873 1151 989 1345
Label 0.0029 17 1126 534 1650
Label 0.0028 1164 588 1306 826
Label 0.0028 -449 1236 25 1866
Label 0.0028 634 1194 887 1445
Label 0.0028 759 -32 1165 181
Label 0.0027 983 444 1628 1595
Label 0.0026 -26 940 964 1878
Label 0.0026 459 -3 928 83
Label 0.0026 -254 1190 -15 1468
Label 0.0026 1168 456 1304 687
Label 0.0025 384 275 1094 1962
Label 0.0025 790 9 995 68
Label 0.0025 -178 1224 17 1425
Label 0.0024 60 0 586 152
Label 0.0024 773 45 1109 316
Label 0.0024 802 107 1507 1425
Label 0.0024 -507 -771 375 912
Label 0.0023 -321 1673 224 1781
Label 0.0023 197 1022 928 1577
Label 0.0023 -221 1136 -26 1369
Label 0.0023 -251 1597 123 1762
Label 0.0022 855 1599 1403 1794
Label 0.0022 644 1057 1331 1782
Label 0.0022 -82 1406 252 1786
Label 0.0022 -345 1484 198 1897
Label 0.0022 58 28 505 307
Label 0.0021 571 5 1124 641
Label 0.0021 1163 322 1300 552
Label 0.0020 1155 179 1293 451
Label 0.0020 -181 1333 12 1600
Label 0.0020 -15 1403 186 1664
Label 0.0020 928 1406 1341 1756
Label 0.0020 827 1464 1451 1878
Label 0.0019 227 706 876 1308
Label 0.0019 -241 1480 -35 1716
Label 0.0019 1138 1727 1484 1768
Label 0.0018 -41 1561 678 1870
Label 0.0018 -19 1625 281 1774
Label 0.0018 1077 591 1258 836
Label 0.0018 -345 1119 -79 1556
Label 0.0017 1108 1460 1380 1735
Label 0.0017 858 33 1026 188
Label 0.0017 1157 1149 1300 1362
Label 0.0017 -2 -73 906 267
Label 0.0017 1144 1204 1297 1458
Label 0.0017 1213 570 1422 847
Label 0.0017 -165 1070 17 1298
Label 0.0017 462 537 995 1474
Label 0.0017 639 999 993 1568
Label 0.0017 1083 465 1257 696
Label 0.0017 53 1331 263 1435
Label 0.0017 1150 735 1321 952
Label 0.0017 1130 774 1314 1064
Label 0.0016 -81 -30 678 659
Label 0.0016 1196 1130 1428 1379
Label 0.0016 649 16 844 70
Label 0.0016 -250 989 -16 1272
Label 0.0016 -165 1489 8 1710
Label 0.0016 1089 1103 1341 1529
Label 0.0016 840 1108 1010 1385
Label 0.0016 598 805 745 979
Label 0.0015 -179 955 18 1164
Label 0.0015 680 -148 1284 287
Label 0.0015 1011 1220 1570 2076
Label 0.0015 268 37 815 285
Label 0.0015 1181 736 1409 1111
Label 0.0015 609 369 1112 1113
Label 0.0015 296 0 631 30
Label 0.0015 1141 1409 1333 1666
Label 0.0015 184 63 950 609
Label 0.0015 743 93 867 185
Label 0.0014 -263 1287 -17 1651
Label 0.0014 1149 934 1319 1168
Label 0.0014 96 4 608 85
Label 0.0014 56 1289 322 1405
Label 0.0014 236 750 323 853
Label 0.0014 1233 833 1463 1156
Label 0.0014 1157 1005 1308 1234
Label 0.0013 871 50 1006 273
Label 0.0013 -165 865 19 1099
Label 0.0013 1356 985 1492 1247
Label 0.0013 872 608 1010 816
Label 0.0013 806 640 974 929
Label 0.0013 418 22 681 169
Label 0.0013 465 -22 912 225
Label 0.0013 763 15 922 33
Label 0.0013 -259 836 -17 1153
Label 0.0012 1207 994 1415 1242
Label 0.0012 -299 1462 -111 1740
Label 0.0012 1350 844 1492 1118
Label 0.0012 86 79 317 405
Label 0.0012 1320 1678 1527 1777
Label 0.0011 -200 13 207 186
Label 0.0011 -64 1072 505 1973
Label 0.0011 1318 1061 1511 1330
Label 0.0011 1061 793 1269 1035
Label 0.0011 1317 929 1509 1191
Label 0.0011 -215 1423 53 1763
Label 0.0011 260 38 550 336
Label 0.0011 -111 47 105 334
Label 0.0011 -28 33 165 333
Label 0.0011 1314 791 1510 1059
Label 0.0011 35 93 210 404
Label 0.0011 1352 711 1494 979
Label 0.0011 249 79 1205 1174
Label 0.0011 868 981 1007 1273
Label 0.0011 72 -342 889 482
Label 0.0010 261 772 443 1149
Label 0.0010 430 37 657 329
Label 0.0010 809 988 972 1283
Label 0.0010 403 0 718 33
Label 0.0010 -172 735 25 963
Label 0.0010 66 672 319 1142
Label 0.0010 610 844 725 952
Label 0.0010 -328 1365 -68 1683
Label 0.0010 1021 603 1177 826
Label 0.0010 215 760 340 899
Label 0.0010 1113 1656 1355 1779
Label 0.0010 561 3 780 91
Label 0.0010 348 -191 1131 501
Label 0.0010 -224 1146 230 1370
Label 0.0010 -5 1475 126 1699
Label 0.0010 591 -478 1426 573
Label 0.0010 218 89 460 378
Barcode 0.7504 728 1182 852 1244
Barcode 0.6534 478 1597 624 1660
Barcode 0.1349 376 1614 737 1720
Barcode 0.0843 -25 1666 185 1762
Barcode 0.0470 429 1572 637 1668
Barcode 0.0200 621 1196 666 1228
Barcode 0.0174 635 1200 691 1237
Barcode 0.0147 299 1681 474 1724
Barcode 0.0132 462 1577 618 1634
Barcode 0.0105 199 1684 529 1760
Barcode 0.0096 -298 22 33 145
Barcode 0.0083 766 1190 872 1249
Barcode 0.0081 627 1667 994 1737
Barcode 0.0076 -296 41 55 356
Barcode 0.0068 -340 1083 115 1530
Barcode 0.0064 1051 -11 1543 657
Barcode 0.0063 1116 144 1468 539
Barcode 0.0061 1012 648 1590 1658
Barcode 0.0058 1144 13 1456 174
Barcode 0.0057 -339 -158 160 852
Barcode 0.0056 1085 996 1495 1343
Barcode 0.0051 -247 -17 334 163
Barcode 0.0051 -328 115 132 587
Barcode 0.0047 664 1130 868 1291
Barcode 0.0047 975 98 1273 562
Barcode 0.0047 -299 1210 77 1658
Barcode 0.0047 -355 327 425 1199
Barcode 0.0047 -343 285 165 716
Barcode 0.0044 804 85 1201 589
Barcode 0.0044 1220 1091 1532 1550
Barcode 0.0042 742 408 1258 849
Barcode 0.0042 701 1691 1025 1752
Barcode 0.0041 758 257 1245 717
Barcode 0.0041 -438 675 253 1652
Barcode 0.0040 -124 -1 484 402
Barcode 0.0039 948 297 1330 687
Barcode 0.0038 -481 980 35 1370
Barcode 0.0037 -385 791 182 1291
Barcode 0.0037 938 446 1360 813
Barcode 0.0036 930 1068 1336 1544
Barcode 0.0036 1083 357 1501 650
Barcode 0.0036 747 637 1234 1155
Barcode 0.0035 934 551 1355 973
Barcode 0.0035 850 29 1439 928
Barcode 0.0034 1077 481 1510 788
Barcode 0.0033 -135 208 499 777
Barcode 0.0032 1080 581 1500 935
Barcode 0.0032 1189 62 1531 371
Barcode 0.0032 -321 1637 160 1787
Barcode 0.0030 1033 86 1582 1167
Barcode 0.0028 813 967 1176 1382
Barcode 0.0028 -375 1605 -64 1816
Barcode 0.0028 1063 790 1518 1250
Barcode 0.0028 164 911 981 1438
Barcode 0.0027 -447 -240 90 417
Barcode 0.0026 564 1688 941 1749
Barcode 0.0026 -411 1378 -17 1768
Barcode 0.0025 661 91 1045 574
Barcode 0.0025 -518 392 70 866
Barcode 0.0025 940 -34 1334 188
Barcode 0.0024 929 797 1347 1273
Barcode 0.0024 236 1653 561 1741
Barcode 0.0023 1208 341 1591 698
Barcode 0.0022 359 1670 706 1734
Barcode 0.0019 522 1652 1096 1790
Barcode 0.0019 717 546 1018 993
Barcode 0.0019 471 775 969 1298
Barcode 0.0018 7 59 604 620
Barcode 0.0018 71 1314 929 2092
Barcode 0.0018 1175 632 1576 1179
Barcode 0.0018 -507 649 64 1143
Barcode 0.0017 689 1630 1284 1794
Barcode 0.0016 700 793 1019 1284
Barcode 0.0016 372 203 1052 773
Barcode 0.0015 1182 -212 1599 399
Barcode 0.0015 579 171 1148 1034
Barcode 0.0014 1121 308 1683 1481
Barcode 0.0012 485 430 862 891
Barcode 0.0011 216 1674 362 1725
Barcode 0.0010 475 1684 602 1725
Barcode 0.0010 884 14 993 62
Barcode 0.0010 597 781 727 968
Barcode 0.0010 646 1183 859 1263
Color Chart 0.2907 264 1691 530 1713
Color Chart 0.2677 163 1662 932 1762
Color Chart 0.1958 251 1697 540 1728
Color Chart 0.1538 618 1690 994 1726
Color Chart 0.0468 210 1685 465 1708
Color Chart 0.0440 181 1697 549 1757
Color Chart 0.0333 683 1689 985 1713
Color Chart 0.0306 478 1676 941 1730
Color Chart 0.0291 324 1692 467 1711
Color Chart 0.0265 490 1688 1006 1755
Color Chart 0.0155 -46 1665 452 1770
Color Chart 0.0138 349 1666 725 1762
Color Chart 0.0134 293 1693 437 1707
Color Chart 0.0120 -69 1673 166 1764
Color Chart 0.0112 190 1615 797 1730
Color Chart 0.0108 171 1666 626 1731
Color Chart 0.0092 267 1689 396 1702
Color Chart 0.0092 357 1687 494 1709
Color Chart 0.0084 613 1707 986 1743
Color Chart 0.0083 229 1702 673 1738
Color Chart 0.0082 145 1679 388 1713
Color Chart 0.0082 -646 -254 788 1724
Color Chart 0.0072 265 1683 640 1713
Color Chart 0.0068 250 1687 476 1740
Color Chart 0.0064 -818 589 420 1979
Color Chart 0.0061 -439 913 237 1680
Color Chart 0.0060 301 1695 766 1747
Color Chart 0.0059 872 600 1723 1970
Color Chart 0.0058 238 1689 348 1703
Color Chart 0.0058 759 1681 1013 1722
Color Chart 0.0057 452 -356 1584 1016
Color Chart 0.0054 210 -301 1867 1494
Color Chart 0.0053 -312 -141 104 584
Color Chart 0.0052 -983 -443 607 1141
Color Chart 0.0050 731 1695 878 1706
Color Chart 0.0045 -435 -418 834 819
Color Chart 0.0041 208 1682 315 1707
Color Chart 0.0041 -575 509 157 1517
Color Chart 0.0040 -381 -16 498 1235
Color Chart 0.0039 34 542 1145 1736
Color Chart 0.0039 702 -1 1300 663
Color Chart 0.0039 662 106 1358 1114
Color Chart 0.0038 102 1684 374 1729
Color Chart 0.0038 -546 109 125 1105
Color Chart 0.0037 673 1690 820 1715
Color Chart 0.0033 435 1643 782 1739
Color Chart 0.0032 720 127 2130 2149
Color Chart 0.0030 694 448 1325 1576
Color Chart 0.0028 281 1702 658 1770
Color Chart 0.0028 396 242 1663 2012
Color Chart 0.0025 248 -220 1225 865
Color Chart 0.0025 -676 -785 303 909
Color Chart 0.0024 855 -430 1758 854
Color Chart 0.0024 -713 948 310 2418
Color Chart 0.0024 663 -514 2225 1188
Color Chart 0.0022 714 1692 935 1734
Color Chart 0.0021 258 1691 403 1713
Color Chart 0.0021 -44 -159 962 538
Color Chart 0.0020 231 1669 419 1728
Color Chart 0.0018 205 0 588 31
Color Chart 0.0016 752 1133 1538 2219
Color Chart 0.0016 902 1679 1019 1743
Color Chart 0.0016 335 1591 1019 1868
Color Chart 0.0015 789 1691 936 1707
Color Chart 0.0014 51 0 402 30
Color Chart 0.0013 -35 1592 425 1797
Color Chart 0.0013 184 1683 288 1723
Color Chart 0.0012 107 1570 591 1921
Color Chart 0.0012 830 1685 961 1703
Color Chart 0.0012 324 1078 453 1258
Color Chart 0.0011 692 1682 900 1719
Color Chart 0.0011 29 1654 355 1714
Color Chart 0.0010 173 1482 788 1857
Color Chart 0.0010 466 1705 858 1747
Scale 0.0750 166 1666 1009 1745
Scale 0.0060 318 1070 454 1269
Scale 0.0055 1178 885 1596 1704
Scale 0.0043 892 -21 1374 688
Scale 0.0033 -208 -6 572 932
Scale 0.0031 1203 -86 1544 515
Scale 0.0020 1099 110 1332 481
Scale 0.0017 1090 241 1327 629
Scale 0.0016 550 16 1168 917
Specimen 0.7995 139 403 817 1124
Specimen 0.2447 17 1094 458 1414
Specimen 0.0140 425 457 795 1141
Specimen 0.0115 291 1077 443 1273
Specimen 0.0101 -51 342 971 1626
Specimen 0.0082 1190 1161 1521 1715
Specimen 0.0074 -428 148 533 1594
Specimen 0.0060 1154 46 1454 374
Specimen 0.0058 134 630 708 1329
Specimen 0.0048 216 724 593 1053
Specimen 0.0045 61 1006 770 1509
Specimen 0.0044 152 408 484 838
Specimen 0.0038 209 946 574 1378
Specimen 0.0035 1052 527 1386 1287
Specimen 0.0033 -30 552 453 1460
Specimen 0.0031 982 849 1841 1990
Specimen 0.0031 1096 524 1341 1028
Specimen 0.0028 -304 -3 -5 147
Specimen 0.0028 306 853 485 999
Specimen 0.0028 15 51 932 977
Specimen 0.0027 1141 603 1309 837
Specimen 0.0027 143 287 756 807
Specimen 0.0026 -394 1017 -21 1609
Specimen 0.0023 1223 1677 1478 1771
Specimen 0.0023 1132 1071 1462 1569
Specimen 0.0022 1146 474 1299 704
Specimen 0.0022 -222 -1 48 360
Specimen 0.0022 1204 580 1482 1111
Specimen 0.0021 1108 435 1318 849
Specimen 0.0021 1152 483 1426 941
Specimen 0.0021 172 623 492 1474
Specimen 0.0021 1065 597 1250 851
Specimen 0.0021 -399 814 -27 1412
Specimen 0.0020 1024 486 1277 941
Specimen 0.0020 49 141 583 871
Specimen 0.0020 -275 981 -12 1396
Specimen 0.0019 -413 561 -8 1251
Specimen 0.0019 -133 1670 185 1751
Specimen 0.0019 1071 465 1248 716
Specimen 0.0019 1141 709 1309 992
Specimen 0.0019 -236 534 58 1032
Specimen 0.0018 396 386 1022 1309
Specimen 0.0018 1133 778 1443 1320
Specimen 0.0018 -261 50 -13 449
Specimen 0.0018 -215 1264 45 1652
Specimen 0.0018 -221 355 37 810
Specimen 0.0018 -213 1148 46 1498
Specimen 0.0017 -309 1664 -85 1784
Specimen 0.0017 1216 -3 1464 234
Specimen 0.0017 -248 1507 111 1827
Specimen 0.0017 -292 159 -3 722
Specimen 0.0016 1191 680 1403 1034
Specimen 0.0016 276 832 549 1073
Specimen 0.0016 50 1067 481 1673
Specimen 0.0016 87 749 404 1374
Specimen 0.0016 1289 1056 1531 1588
Specimen 0.0016 -182 478 8 709
Specimen 0.0016 999 750 1304 1345
Specimen 0.0016 1092 311 1326 700
Specimen 0.0016 -231 774 58 1195
Specimen 0.0015 -247 437 231 1245
Specimen 0.0015 -185 148 27 459
Specimen 0.0015 1197 1183 1433 1467
Specimen 0.0015 -235 213 -7 530
Specimen 0.0015 -216 930 47 1312
Specimen 0.0015 -392 320 -27 953
Specimen 0.0015 -185 683 17 908
Specimen 0.0015 1211 500 1423 781
Specimen 0.0015 1179 -8 1415 150
Specimen 0.0015 1087 1052 1339 1448
Specimen 0.0014 1237 644 1459 945
Specimen 0.0014 1184 814 1407 1170
Specimen 0.0014 276 -25 805 367
Specimen 0.0014 140 1085 380 1392
Specimen 0.0014 -208 -82 203 289
Specimen 0.0014 1065 710 1247 997
Specimen 0.0014 -36 1676 135 1766
Specimen 0.0014 1085 401 1254 627
Specimen 0.0014 206 387 616 982
Specimen 0.0013 1294 758 1521 1204
Specimen 0.0013 1145 -18 1316 120
Specimen 0.0013 -185 810 16 1049
Specimen 0.0013 1216 967 1477 1406
Specimen 0.0013 1295 559 1520 997
Specimen 0.0013 1180 1060 1401 1347
Specimen 0.0013 -169 382 23 635
Specimen 0.0012 1033 224 1274 666
Specimen 0.0012 -326 6 -42 331
Specimen 0.0012 -304 1586 -90 1762
Specimen 0.0012 -166 598 22 828
Specimen 0.0012 1340 1099 1494 1396
Specimen 0.0012 1054 832 1248 1148
Specimen 0.0012 1179 126 1415 515
Specimen 0.0011 14 -7 401 350
Specimen 0.0011 -382 1284 -155 1751
Specimen 0.0011 39 455 375 1229
Specimen 0.0011 -247 491 -23 827
Specimen 0.0011 1264 571 1465 851
Specimen 0.0011 1074 85 1251 403
Specimen 0.0011 1351 642 1495 914
Specimen 0.0011 964 532 1205 1024
Specimen 0.0011 -342 1270 -53 1643
Specimen 0.0011 1182 369 1403 691
Specimen 0.0011 1134 228 1441 650
Specimen 0.0011 1266 846 1464 1116
Specimen 0.0010 1284 1059 1463 1316
Specimen 0.0010 1144 1605 1469 1835
Specimen 0.0010 1006 585 1176 856
Specimen 0.0010 965 27 1202 571
Specimen 0.0010 232 815 440 1298
Specimen 0.0010 1304 -26 1526 367
Specimen 0.0010 1294 366 1522 785
Specimen 0.0010 -216 18 189 586
Specimen 0.0010 -207 1674 96 1781
Specimen 0.0010 377 655 694 1142
Specimen 0.0010 463 453 747 872
Specimen 0.0010 -338 951 -50 1281
Specimen 0.0010 1288 219 1531 658
Specimen 0.0010 792 586 985 971
Specimen 0.0010 285 1050 447 1419
