Label 0.8798 514 1449 1128 1753
Label 0.7813 114 891 307 1042
Label 0.5525 121 1699 326 1755
Label 0.2374 111 625 295 723
Label 0.2327 217 986 367 1215
Label 0.2145 102 694 319 914
Label 0.0657 107 653 392 1031
Label 0.0638 136 1706 280 1743
Label 0.0607 330 1651 502 1752
Label 0.0482 43 770 118 953
Label 0.0243 112 1662 334 1739
Label 0.0194 84 1378 440 1620
Label 0.0194 159 748 304 895
Label 0.0179 102 611 311 786
Label 0.0174 12 1724 151 1762
Label 0.0161 16 750 123 1009
Label 0.0137 27 43 102 87
Label 0.0123 278 706 389 952
Label 0.0122 1100 1090 1505 1764
Label 0.0113 -8 5 253 31
Label 0.0110 28 931 115 995
Label 0.0106 2 1738 121 1760
Label 0.0102 39 647 234 905
Label 0.0100 1110 -89 1521 523
Label 0.0092 1151 1123 1471 1503
Label 0.0091 -360 490 129 1543
Label 0.0089 1157 1551 1466 1760
Label 0.0088 2 107 401 553
Label 0.0085 132 -22 1013 443
Label 0.0084 999 1719 1118 1762
Label 0.0084 1069 773 1555 1545
Label 0.0083 25 937 112 1062
Label 0.0079 829 1309 880 1354
Label 0.0079 699 3 1107 29
Label 0.0077 -352 920 85 1661
Label 0.0073 941 2 1130 31
Label 0.0071 -26 939 96 1167
Label 0.0067 -65 -77 725 726
Label 0.0065 18 4 430 28
Label 0.0064 53 -16 1107 168
Label 0.0063 48 1684 322 1772
Label 0.0061 327 89 793 582
Label 0.0060 233 635 406 1062
Label 0.0060 43 1694 144 1760
Label 0.0058 33 743 234 990
Label 0.0056 1202 1387 1528 1762
Label 0.0056 -17 0 620 484
Label 0.0053 0 1718 230 1769
Label 0.0052 105 1654 373 1813
Label 0.0052 -20 575 275 966
Label 0.0050 -300 -129 69 570
Label 0.0048 -9 733 92 965
Label 0.0046 226 30 671 432
Label 0.0046 576 1656 1080 1763
Label 0.0045 121 1710 235 1756
Label 0.0043 1083 230 1553 1272
Label 0.0043 330 279 845 936
Label 0.0042 856 -419 1758 864
Label 0.0042 -202 801 316 1491
Label 0.0042 -60 -87 1189 277
Label 0.0042 842 1317 891 1357
Label 0.0041 820 408 1765 1873
Label 0.0041 -438 1174 -5 1673
Label 0.0040 158 1675 302 1725
Label 0.0039 705 1515 947 1684
Label 0.0039 -119 925 210 1376
Label 0.0038 195 156 716 786
Label 0.0037 287 1551 518 1852
Label 0.0035 -310 -203 410 602
Label 0.0035 -92 479 454 1261
Label 0.0035 -29 983 926 1857
Label 0.0035 32 967 114 1247
Label 0.0034 526 359 912 875
Label 0.0033 548 24 1132 614
Label 0.0033 602 59 1046 289
Label 0.0033 -62 891 182 1153
Label 0.0033 -474 888 26 1454
Label 0.0032 1005 4 1120 27
Label 0.0032 183 700 398 955
Label 0.0031 1163 1678 1465 1762
Label 0.0031 -241 856 -24 1125
Label 0.0031 -282 770 1 1201
Label 0.0031 640 291 1049 898
Label 0.0030 -172 888 7 1089
Label 0.0030 925 1223 1298 1616
Label 0.0030 904 1425 1064 1494
Label 0.0029 -170 953 6 1157
Label 0.0029 438 129 985 801
Label 0.0028 -242 1414 42 1724
Label 0.0028 906 1391 1323 1739
Label 0.0028 793 -309 1485 443
Label 0.0027 45 962 126 1107
Label 0.0027 -233 1503 -16 1674
Label 0.0027 601 4 1102 213
Label 0.0027 -310 1268 105 1829
Label 0.0026 528 49 1207 1147
Label 0.0026 50 1647 136 1749
Label 0.0026 -172 1089 5 1296
Label 0.0026 809 -28 1166 203
Label 0.0025 -168 1017 4 1231
Label 0.0025 -178 473 6 690
Label 0.0025 -244 716 -27 993
Label 0.0025 1199 129 1436 470
Label 0.0024 -239 980 -27 1273
Label 0.0024 548 1 986 26
Label 0.0024 -130 1621 242 1810
Label 0.0024 221 152 459 475
Label 0.0024 698 -84 1260 470
Label 0.0024 832 1135 1413 1688
Label 0.0023 -184 1299 326 1807
Label 0.0023 799 1688 1115 1771
Label 0.0023 -173 820 11 1023
Label 0.0023 940 1322 1105 1481
Label 0.0023 -259 1127 -29 1550
Label 0.0023 -174 339 7 558
Label 0.0023 -245 582 -23 858
Label 0.0023 309 745 394 910
Label 0.0023 227 1698 335 1744
Label 0.0023 876 1259 1120 1505
Label 0.0022 82 -3 867 55
Label 0.0022 1297 931 1460 1170
Label 0.0022 78 89 476 384
Label 0.0022 945 1695 1126 1773
Label 0.0022 -315 121 506 1367
Label 0.0022 -218 226 351 999
Label 0.0022 -42 981 84 1273
Label 0.0021 1166 520 1300 760
Label 0.0021 -164 734 14 955
Label 0.0021 1228 937 1409 1168
Label 0.0021 -178 613 9 822
Label 0.0021 1172 801 1297 1024
Label 0.0021 1012 1276 1118 1482
Label 0.0021 585 352 760 681
Label 0.0021 60 496 346 844
Label 0.0020 92 780 317 1024
Label 0.0020 1171 942 1300 1161
Label 0.0020 166 1690 387 1748
Label 0.0020 17 1681 226 1759
Label 0.0020 6 893 123 1107
Label 0.0020 1167 1070 1297 1298
Label 0.0020 396 -4 1105 57
Label 0.0019 -238 379 -22 660
Label 0.0019 581 226 769 524
Label 0.0019 4 1144 701 2210
Label 0.0019 518 415 708 760
Label 0.0019 -357 1075 -73 1603
Label 0.0019 507 246 719 649
Label 0.0019 -99 1119 551 1766
Label 0.0019 1359 914 1491 1180
Label 0.0019 1223 732 1418 964
Label 0.0019 940 13 1122 184
Label 0.0019 -182 1194 7 1469
Label 0.0019 831 49 1081 290
Label 0.0018 31 1531 439 1907
Label 0.0018 894 1578 1356 1809
Label 0.0018 -172 246 19 486
Label 0.0018 -475 -685 329 819
Label 0.0018 494 681 576 758
Label 0.0018 500 -70 1184 309
Label 0.0018 537 156 824 456
Label 0.0018 1014 1005 1818 2083
Label 0.0018 559 112 946 363
Label 0.0018 -331 922 -91 1341
Label 0.0018 1164 381 1295 623
Label 0.0017 1289 792 1464 1034
Label 0.0017 1321 852 1510 1129
Label 0.0017 1217 1063 1416 1314
Label 0.0017 1207 368 1426 643
Label 0.0017 1157 238 1294 492
Label 0.0017 37 0 604 145
Label 0.0017 54 983 165 1252
Label 0.0017 -168 1444 2 1641
Label 0.0017 1322 715 1507 994
Label 0.0017 2 1684 121 1766
Label 0.0017 1167 671 1305 889
Label 0.0017 1215 511 1420 774
Label 0.0017 -47 81 437 857
Label 0.0016 1321 989 1509 1265
Label 0.0016 2 22 168 75
Label 0.0016 255 1555 912 1852
Label 0.0016 -334 818 -90 1177
Label 0.0016 974 1205 1100 1449
Label 0.0016 767 1259 891 1401
Label 0.0016 245 1391 963 1771
Label 0.0015 574 466 782 809
Label 0.0015 31 909 105 977
Label 0.0015 1320 581 1505 858
Label 0.0015 719 168 885 460
Label 0.0015 1156 1201 1292 1443
Label 0.0015 -243 218 -23 555
Label 0.0015 137 3 581 28
Label 0.0014 855 1307 925 1365
Label 0.0014 433 68 801 281
Label 0.0014 491 1276 1172 1706
Label 0.0014 -296 1490 -87 1692
Label 0.0014 647 345 831 692
Label 0.0014 20 1013 120 1356
Label 0.0014 835 1441 1431 1891
Label 0.0014 937 1097 1247 1481
Label 0.0013 1144 1252 1286 1547
Label 0.0013 957 1427 1099 1470
Label 0.0013 27 1635 96 1748
Label 0.0013 1160 1267 1435 1698
Label 0.0013 1345 492 1489 781
Label 0.0013 -337 680 -91 1042
Label 0.0013 1149 93 1296 375
Label 0.0013 648 227 837 526
Label 0.0013 1145 1727 1477 1768
Label 0.0013 -319 1353 -97 1710
Label 0.0013 -25 -8 582 65
Label 0.0013 480 646 573 745
Label 0.0013 122 877 321 1164
Label 0.0013 8 14 114 149
Label 0.0013 1286 648 1463 906
Label 0.0013 36 156 228 470
Label 0.0013 577 1460 1047 1581
Label 0.0013 -338 549 -89 905
Label 0.0013 194 716 320 823
Label 0.0012 22 932 200 1307
Label 0.0012 1070 1678 1400 1786
Label 0.0012 91 48 589 283
Label 0.0012 -267 1587 -16 1772
Label 0.0012 983 1236 1138 1524
Label 0.0012 17 6 159 25
Label 0.0012 1143 1473 1312 1730
Label 0.0012 863 1307 1049 1484
Label 0.0012 -55 1476 73 1741
Label 0.0012 357 2 771 28
Label 0.0012 736 1080 1545 2247
Label 0.0012 -334 416 -92 767
Label 0.0012 734 100 1017 353
Label 0.0011 54 922 176 1139
Label 0.0011 279 1668 503 1806
Label 0.0011 -116 683 138 904
Label 0.0011 1335 1682 1513 1778
Label 0.0011 -222 -21 72 107
Label 0.0011 1157 1413 1293 1659
Label 0.0011 67 1695 186 1748
Label 0.0011 900 1721 1124 1766
Label 0.0011 190 695 328 784
Label 0.0011 1104 1180 1324 1588
Label 0.0011 810 1205 1177 1576
Label 0.0010 378 326 706 679
Label 0.0010 1013 902 1134 1089
Label 0.0010 30 992 100 1131
Label 0.0010 697 3 1111 68
Label 0.0010 483 1027 1244 1861
Label 0.0010 377 12 986 171
Label 0.0010 1145 -9 1329 98
Label 0.0010 -177 1311 20 1601
Label 0.0010 -225 1691 93 1776
Label 0.0010 114 1113 270 1393
Label 0.0010 779 164 949 458
Barcode 0.8237 324 1665 511 1751
Barcode 0.2054 783 913 856 1002
Barcode 0.0189 24 55 90 95
Barcode 0.0163 347 616 397 656
Barcode 0.0143 1140 112 1477 560
Barcode 0.0132 936 1439 1073 1474
Barcode 0.0122 844 1305 884 1349
Barcode 0.0101 1166 40 1465 397
Barcode 0.0101 979 1719 1113 1765
Barcode 0.0091 468 166 523 206
Barcode 0.0078 1137 1003 1481 1347
Barcode 0.0076 1125 312 1489 669
Barcode 0.0071 1149 7 1467 164
Barcode 0.0071 -293 22 28 145
Barcode 0.0070 -327 690 112 1105
Barcode 0.0069 -323 835 101 1230
Barcode 0.0063 1141 858 1482 1208
Barcode 0.0060 1137 718 1475 1082
Barcode 0.0059 -359 147 152 1080
Barcode 0.0056 -360 53 -5 362
Barcode 0.0055 -294 435 94 812
Barcode 0.0055 -419 -155 76 588
Barcode 0.0050 -301 139 88 563
Barcode 0.0048 1129 590 1485 950
Barcode 0.0047 169 1708 322 1757
Barcode 0.0047 -293 310 100 681
Barcode 0.0046 1125 449 1486 817
Barcode 0.0041 11 52 62 101
Barcode 0.0041 1190 257 1620 1497
Barcode 0.0039 -225 194 313 778
Barcode 0.0039 1238 1102 1531 1529
Barcode 0.0035 -228 7 301 424
Barcode 0.0035 894 -8 1352 416
Barcode 0.0034 894 -62 1368 206
Barcode 0.0033 -177 -26 260 157
Barcode 0.0032 1207 -80 1599 1025
Barcode 0.0031 470 146 524 193
Barcode 0.0031 597 104 1090 557
Barcode 0.0030 -153 993 251 1591
Barcode 0.0030 -253 1585 60 1791
Barcode 0.0028 683 452 1026 1035
Barcode 0.0028 -164 1384 265 1763
Barcode 0.0027 -17 1742 79 1766
Barcode 0.0027 -408 1382 -24 1759
Barcode 0.0027 787 16 1171 371
Barcode 0.0027 -231 1178 293 1708
Barcode 0.0027 354 620 410 675
Barcode 0.0027 -373 1610 -58 1821
Barcode 0.0026 640 230 1044 738
Barcode 0.0025 932 654 1332 1147
Barcode 0.0025 930 105 1343 580
Barcode 0.0024 75 -386 1122 502
Barcode 0.0024 -92 438 291 850
Barcode 0.0023 444 157 510 215
Barcode 0.0023 -485 555 44 978
Barcode 0.0021 804 659 1120 1162
Barcode 0.0020 13 196 369 769
Barcode 0.0017 1175 -191 1596 369
Barcode 0.0010 30 50 121 101
Color Chart 0.6651 85 1380 453 1631
Color Chart 0.0796 336 1658 500 1751
Color Chart 0.0097 353 619 401 659
Color Chart 0.0091 -269 -252 698 915
Color Chart 0.0080 -703 113 527 1890
Color Chart 0.0079 813 -372 1798 1053
Color Chart 0.0069 1075 53 1548 888
Color Chart 0.0062 207 1437 351 1548
Color Chart 0.0055 484 160 541 211
Color Chart 0.0054 -502 415 82 1597
Color Chart 0.0053 -622 860 201 1953
Color Chart 0.0051 -44 -24 977 946
Color Chart 0.0049 -909 -406 534 1089
Color Chart 0.0048 -482 -105 82 790
Color Chart 0.0048 883 646 1708 1922
Color Chart 0.0045 307 -226 1421 884
Color Chart 0.0038 1191 649 1614 1653
Color Chart 0.0036 297 178 1178 1284
Color Chart 0.0035 -302 -99 404 757
Color Chart 0.0033 706 -454 2132 1899
Color Chart 0.0026 -411 769 537 2050
Color Chart 0.0024 -628 -697 249 816
Color Chart 0.0021 864 274 1442 1479
Color Chart 0.0021 864 -81 1428 746
Color Chart 0.0016 1147 248 1299 509
Color Chart 0.0014 556 -559 1480 668
Color Chart 0.0011 1022 1046 1813 2312
Color Chart 0.0010 176 1464 306 1550
Scale 0.8178 971 310 1100 936
Scale 0.0170 1085 -30 1528 679
Scale 0.0104 -13 1309 492 1798
Scale 0.0065 1176 1051 1576 1784
Scale 0.0042 306 616 418 935
Scale 0.0038 -277 10 382 920
Scale 0.0033 157 1363 503 1604
Scale 0.0030 -30 682 116 1022
Scale 0.0029 834 -181 1435 585
Scale 0.0029 1152 61 1456 536
Scale 0.0027 1019 364 1090 766
Scale 0.0024 220 1507 609 1740
Scale 0.0021 7 933 130 1273
Scale 0.0021 -84 906 117 1333
Scale 0.0020 978 263 1217 784
Scale 0.0020 303 1565 562 1869
Scale 0.0019 909 154 1354 1105
Scale 0.0017 91 1021 828 2393
Scale 0.0015 1108 178 1329 556
Scale 0.0013 1101 1069 1324 1434
Scale 0.0013 1111 317 1317 694
Scale 0.0013 1103 44 1336 415
Scale 0.0010 -93 1395 93 1791
Specimen 0.7160 469 1184 618 1349
Specimen 0.6772 658 866 762 1096
Specimen 0.6768 226 1029 377 1238
Specimen 0.6683 501 923 618 1152
Specimen 0.6597 815 1030 1036 1289
Specimen 0.1926 786 903 852 993
Specimen 0.0425 913 1021 1052 1303
Specimen 0.0410 773 906 855 1058
Specimen 0.0337 620 825 818 1099
Specimen 0.0238 182 925 387 1214
Specimen 0.0219 790 918 876 1145
Specimen 0.0193 466 861 725 1204
Specimen 0.0168 516 1053 618 1189
Specimen 0.0146 775 885 1020 1239
Specimen 0.0140 424 161 559 457
Specimen 0.0122 239 995 495 1265
Specimen 0.0114 43 -91 1086 485
Specimen 0.0106 808 920 924 1166
Specimen 0.0098 252 619 400 947
Specimen 0.0097 449 828 987 1422
Specimen 0.0096 742 896 892 1045
Specimen 0.0083 223 608 419 1219
Specimen 0.0080 459 1222 636 1404
Specimen 0.0080 904 1006 1030 1172
Specimen 0.0077 299 133 627 542
Specimen 0.0074 -19 -31 948 1203
Specimen 0.0070 466 165 530 211
Specimen 0.0068 336 347 833 1117
Specimen 0.0064 676 947 767 1117
Specimen 0.0062 241 30 884 604
Specimen 0.0061 1208 49 1509 407
Specimen 0.0060 1203 1177 1539 1702
Specimen 0.0060 341 623 391 661
Specimen 0.0057 248 566 490 981
Specimen 0.0056 223 272 688 960
Specimen 0.0055 390 1106 937 1422
Specimen 0.0054 831 963 1057 1208
Specimen 0.0054 101 1152 796 1711
Specimen 0.0053 820 920 888 1010
Specimen 0.0052 -298 0 -9 137
Specimen 0.0051 147 690 345 1034
Specimen 0.0050 440 133 633 379
Specimen 0.0050 453 167 622 573
Specimen 0.0049 51 546 519 1167
Specimen 0.0047 468 628 591 1074
Specimen 0.0046 516 906 673 1119
Specimen 0.0045 666 984 1060 1323
Specimen 0.0044 1194 97 1539 595
Specimen 0.0043 334 164 516 460
Specimen 0.0043 740 918 942 1299
Specimen 0.0043 870 1041 1018 1230
Specimen 0.0042 283 1050 399 1214
Specimen 0.0041 -55 869 124 1236
Specimen 0.0040 423 931 740 1420
Specimen 0.0040 520 959 637 1235
Specimen 0.0038 111 91 552 514
Specimen 0.0037 431 1045 607 1367
Specimen 0.0037 467 135 753 474
Specimen 0.0035 774 957 844 1102
Specimen 0.0035 929 1209 1020 1307
Specimen 0.0033 410 902 608 1299
Specimen 0.0033 678 997 740 1121
Specimen 0.0031 493 975 672 1405
Specimen 0.0031 193 1025 414 1356
Specimen 0.0030 517 438 918 1041
Specimen 0.0029 302 785 880 1602
Specimen 0.0029 679 872 837 1065
Specimen 0.0029 1223 -6 1468 142
Specimen 0.0029 -227 -12 56 364
Specimen 0.0029 797 884 879 1007
Specimen 0.0028 506 663 671 1051
Specimen 0.0028 448 160 549 273
Specimen 0.0027 464 631 587 774
Specimen 0.0027 -284 868 4 1371
Specimen 0.0027 366 175 722 684
Specimen 0.0026 351 648 612 1177
Specimen 0.0026 314 616 427 937
Specimen 0.0025 477 425 753 839
Specimen 0.0025 670 702 987 1176
Specimen 0.0025 631 912 733 1090
Specimen 0.0025 -182 106 0 396
Specimen 0.0025 1241 820 1461 1276
Specimen 0.0025 395 1154 712 1540
Specimen 0.0025 -215 805 40 1168
Specimen 0.0025 -274 1101 -9 1680
Specimen 0.0024 397 246 554 638
Specimen 0.0024 -406 808 -6 1549
Specimen 0.0024 1153 676 1431 1158
Specimen 0.0023 735 995 1192 1413
Specimen 0.0023 642 798 1118 1385
Specimen 0.0023 -288 551 3 1009
Specimen 0.0023 434 157 519 223
Specimen 0.0023 1238 596 1467 1089
Specimen 0.0022 -219 173 46 575
Specimen 0.0022 446 895 605 1102
Specimen 0.0022 1308 734 1516 1223
Specimen 0.0022 819 941 902 1067
Specimen 0.0021 517 198 711 548
Specimen 0.0021 -222 660 48 1040
Specimen 0.0021 1200 714 1404 1008
Specimen 0.0021 -218 384 38 772
Specimen 0.0021 1152 810 1295 1039
Specimen 0.0021 593 902 700 1098
Specimen 0.0021 775 484 1173 1269
Specimen 0.0021 1202 854 1401 1138
Specimen 0.0021 132 456 728 1325
Specimen 0.0020 -403 615 -13 1201
Specimen 0.0020 155 1029 760 1534
Specimen 0.0020 543 1085 614 1169
Specimen 0.0019 -304 1666 -81 1781
Specimen 0.0019 1109 708 1317 1123
Specimen 0.0019 1153 530 1293 774
Specimen 0.0019 400 615 579 937
Specimen 0.0019 812 191 1230 1127
Specimen 0.0019 1155 433 1431 858
Specimen 0.0019 417 468 653 834
Specimen 0.0019 230 175 578 683
Specimen 0.0019 901 1133 1024 1307
Specimen 0.0018 611 48 1003 418
Specimen 0.0018 304 659 448 1158
Specimen 0.0018 1308 951 1512 1417
Specimen 0.0018 35 1012 388 1574
Specimen 0.0018 1196 995 1399 1275
Specimen 0.0018 -217 1039 46 1475
Specimen 0.0018 185 1035 315 1224
Specimen 0.0018 1152 292 1437 722
Specimen 0.0018 459 648 556 738
Specimen 0.0018 -257 56 -21 438
Specimen 0.0017 1304 552 1516 998
Specimen 0.0017 542 286 806 724
Specimen 0.0017 1147 950 1298 1176
Specimen 0.0017 1253 1044 1466 1362
Specimen 0.0017 1137 1050 1444 1464
Specimen 0.0017 1234 1673 1475 1777
Specimen 0.0017 351 625 415 679
Specimen 0.0017 1356 1034 1491 1327
Specimen 0.0017 1115 443 1312 842
Specimen 0.0017 399 531 572 774
Specimen 0.0017 401 597 1037 1271
Specimen 0.0016 262 134 567 365
Specimen 0.0016 1150 668 1298 911
Specimen 0.0016 1148 1081 1294 1313
Specimen 0.0016 606 358 873 793
Specimen 0.0016 1103 566 1325 993
Specimen 0.0016 464 553 614 763
Specimen 0.0016 95 731 1066 2018
Specimen 0.0016 699 994 933 1491
Specimen 0.0015 -388 361 -26 912
Specimen 0.0015 1183 1165 1412 1516
Specimen 0.0015 1111 862 1318 1241
Specimen 0.0015 707 166 902 434
Specimen 0.0014 1148 391 1296 640
Specimen 0.0014 443 316 642 716
Specimen 0.0014 34 32 386 441
Specimen 0.0014 322 269 496 618
Specimen 0.0014 1176 -6 1424 234
Specimen 0.0014 1303 357 1515 791
Specimen 0.0014 704 926 809 1076
Specimen 0.0014 714 408 888 762
Specimen 0.0014 605 173 883 555
Specimen 0.0014 424 0 806 340
Specimen 0.0013 1107 1005 1316 1366
Specimen 0.0013 653 858 756 971
Specimen 0.0013 527 772 707 1089
Specimen 0.0013 304 581 400 711
Specimen 0.0013 224 1082 327 1247
Specimen 0.0013 537 755 826 1437
Specimen 0.0013 781 826 922 1064
Specimen 0.0013 1251 487 1469 832
Specimen 0.0013 469 221 1257 1572
Specimen 0.0012 -427 511 -105 1042
Specimen 0.0012 -385 1279 -154 1760
Specimen 0.0012 -428 779 -101 1317
Specimen 0.0012 -134 562 143 1008
Specimen 0.0012 1309 1169 1506 1493
Specimen 0.0012 669 282 947 725
Specimen 0.0011 -33 705 678 1785
Specimen 0.0011 52 144 365 586
Specimen 0.0011 1152 -1 1298 222
Specimen 0.0011 -425 1082 -94 1690
Specimen 0.0011 914 1184 1011 1276
Specimen 0.0011 1139 -25 1320 117
Specimen 0.0011 -204 -20 43 130
Specimen 0.0011 42 893 584 1434
Specimen 0.0011 342 433 618 719
Specimen 0.0010 -175 1239 13 1540
Specimen 0.0010 741 1072 880 1407
Specimen 0.0010 346 110 611 256
Specimen 0.0010 -350 1519 -186 1804
Specimen 0.0010 719 276 893 622
Specimen 0.0010 829 899 1042 1125
Specimen 0.0010 798 983 897 1225
Specimen 0.0010 1318 0 1495 323
Specimen 0.0010 455 525 744 1032
Specimen 0.0010 -384 190 -35 676
Specimen 0.0010 1339 349 1492 651
