Label 0.8509 613 1502 1093 1744
Label 0.4859 38 1690 150 1742
Label 0.1207 903 1420 1088 1511
Label 0.0780 289 1676 482 1735
Label 0.0141 1118 1081 1491 1774
Label 0.0135 26 1706 181 1762
Label 0.0119 11 3 384 29
Label 0.0102 863 1404 1115 1547
Label 0.0095 22 1653 173 1762
Label 0.0094 279 1644 487 1755
Label 0.0091 941 3 1126 30
Label 0.0083 -388 864 128 1717
Label 0.0082 -475 449 59 1547
Label 0.0078 1162 1371 1469 1747
Label 0.0078 33 -7 1122 159
Label 0.0068 1153 1553 1458 1759
Label 0.0067 297 1703 451 1747
Label 0.0064 731 1534 987 1677
Label 0.0060 695 2 1111 28
Label 0.0055 37 1735 344 1765
Label 0.0050 134 1435 1063 1783
Label 0.0045 174 804 536 1073
Label 0.0044 -8 -63 1135 446
Label 0.0043 -432 1250 16 1822
Label 0.0041 1019 370 1605 1429
Label 0.0038 75 1688 490 1775
Label 0.0036 969 3 1104 20
Label 0.0034 61 -3 884 49
Label 0.0034 972 871 1639 1964
Label 0.0034 131 3 589 29
Label 0.0033 17 0 226 33
Label 0.0032 647 1729 1030 1764
Label 0.0031 3 1533 354 1718
Label 0.0031 -254 1566 43 1782
Label 0.0031 -339 648 -82 1060
Label 0.0030 -335 524 -88 916
Label 0.0030 -176 -147 549 557
Label 0.0029 -338 796 -83 1186
Label 0.0029 -15 1649 190 1814
Label 0.0029 19 1167 1196 1915
Label 0.0029 551 1 986 28
Label 0.0028 -264 1379 31 1750
Label 0.0028 -344 -293 452 416
Label 0.0028 -319 -168 79 356
Label 0.0028 -78 622 490 1685
Label 0.0028 -169 340 9 554
Label 0.0027 882 1281 1124 1465
Label 0.0027 -245 1488 -3 1690
Label 0.0027 -340 1047 -84 1484
Label 0.0027 1169 584 1313 822
Label 0.0026 1170 723 1308 957
Label 0.0025 1165 451 1311 681
Label 0.0025 -311 1451 107 1892
Label 0.0025 -333 942 -87 1316
Label 0.0025 -73 1087 437 1745
Label 0.0024 35 1673 348 1765
Label 0.0023 870 1405 1294 1688
Label 0.0023 269 1592 517 1810
Label 0.0023 269 1698 642 1775
Label 0.0022 1161 1683 1463 1767
Label 0.0022 1107 538 1248 758
Label 0.0022 1171 861 1306 1092
Label 0.0022 680 -123 1295 542
Label 0.0022 577 -277 2006 1731
Label 0.0022 -333 1302 -80 1745
Label 0.0022 853 1579 1362 1817
Label 0.0021 369 1703 978 1771
Label 0.0021 16 109 588 800
Label 0.0021 1004 5 1120 26
Label 0.0020 1189 1482 1568 1851
Label 0.0020 157 1513 520 1738
Label 0.0020 1106 672 1247 897
Label 0.0020 1156 323 1309 543
Label 0.0020 -67 207 502 1300
Label 0.0020 -331 385 -93 787
Label 0.0019 -501 -685 347 816
Label 0.0019 1212 709 1420 974
Label 0.0018 207 1718 483 1764
Label 0.0018 580 972 1146 1596
Label 0.0018 1107 415 1244 618
Label 0.0018 1208 572 1424 838
Label 0.0018 803 1431 1449 1906
Label 0.0018 1105 809 1245 1034
Label 0.0017 -171 1086 12 1300
Label 0.0017 -233 374 -19 655
Label 0.0017 364 -2 1131 54
Label 0.0017 1213 846 1420 1109
Label 0.0017 374 1298 1089 1674
Label 0.0017 -160 959 11 1149
Label 0.0016 -197 1274 312 1828
Label 0.0016 150 1735 452 1765
Label 0.0016 525 -6 1169 176
Label 0.0016 -163 892 14 1082
Label 0.0016 -423 1049 255 2017
Label 0.0016 315 3 745 28
Label 0.0016 850 1299 1122 1624
Label 0.0016 705 1083 1567 2253
Label 0.0016 1205 442 1424 699
Label 0.0015 -173 241 17 488
Label 0.0015 45 1113 833 1707
Label 0.0015 613 612 1142 1409
Label 0.0015 1196 1110 1429 1395
Label 0.0015 1328 804 1496 1053
Label 0.0015 1099 943 1249 1170
Label 0.0015 -180 1186 15 1470
Label 0.0015 -166 830 16 1015
Label 0.0015 -175 472 16 680
Label 0.0015 438 57 651 317
Label 0.0014 -169 759 19 947
Label 0.0014 1164 991 1307 1235
Label 0.0014 767 1694 1132 1777
Label 0.0014 142 18 817 149
Label 0.0014 -183 1418 9 1661
Label 0.0014 284 1569 947 1754
Label 0.0014 49 5 194 18
Label 0.0013 119 540 678 1271
Label 0.0013 33 730 873 1559
Label 0.0013 1328 671 1497 918
Label 0.0013 582 61 909 277
Label 0.0013 391 -145 1297 321
Label 0.0013 1205 979 1421 1252
Label 0.0013 1327 932 1499 1192
Label 0.0013 1200 310 1429 558
Label 0.0012 -300 750 740 2309
Label 0.0012 324 74 761 265
Label 0.0012 355 834 1061 1461
Label 0.0012 525 1737 876 1764
Label 0.0012 1153 172 1305 422
Label 0.0012 1327 537 1500 781
Label 0.0012 364 63 586 311
Label 0.0012 -172 613 18 816
Label 0.0012 -170 685 18 884
Label 0.0012 841 46 1065 295
Label 0.0011 218 1528 612 1867
Label 0.0011 928 1726 1154 1767
Label 0.0011 1334 1684 1509 1776
Label 0.0011 1156 1124 1300 1378
Label 0.0011 375 1736 688 1764
Label 0.0011 128 1742 267 1760
Label 0.0011 767 41 980 331
Label 0.0011 976 1703 1152 1781
Label 0.0010 1097 273 1250 497
Label 0.0010 1141 1475 1317 1729
Label 0.0010 62 -72 842 732
Label 0.0010 1364 1037 1491 1322
Label 0.0010 18 1673 138 1731
Label 0.0010 66 1319 568 1793
Label 0.0010 1146 1730 1474 1768
Label 0.0010 1195 146 1444 447
Label 0.0010 598 1554 950 1725
Barcode 0.8099 893 1419 1094 1501
Barcode 0.2935 280 1687 480 1737
Barcode 0.0146 -359 253 95 1479
Barcode 0.0103 1144 45 1459 388
Barcode 0.0097 -348 364 104 871
Barcode 0.0095 -382 609 98 1153
Barcode 0.0081 1104 170 1481 534
Barcode 0.0081 -336 -31 125 974
Barcode 0.0076 1145 6 1464 169
Barcode 0.0075 1128 1115 1483 1527
Barcode 0.0071 -354 929 102 1399
Barcode 0.0071 -292 21 28 154
Barcode 0.0066 -416 -169 70 600
Barcode 0.0066 -367 46 0 374
Barcode 0.0066 -302 272 91 692
Barcode 0.0058 1077 755 1507 1040
Barcode 0.0058 -454 792 15 1276
Barcode 0.0054 -289 119 74 568
Barcode 0.0054 1083 628 1504 912
Barcode 0.0049 -248 875 376 1701
Barcode 0.0048 -117 -42 494 720
Barcode 0.0047 1068 898 1519 1178
Barcode 0.0045 -52 123 435 584
Barcode 0.0045 -154 1159 263 1698
Barcode 0.0044 895 687 1395 1105
Barcode 0.0042 1058 -184 1553 368
Barcode 0.0042 1080 505 1509 790
Barcode 0.0042 940 434 1373 820
Barcode 0.0039 -34 936 409 1403
Barcode 0.0038 -289 337 360 906
Barcode 0.0037 911 559 1394 962
Barcode 0.0037 919 114 1338 570
Barcode 0.0036 1078 370 1511 656
Barcode 0.0036 1066 1022 1519 1333
Barcode 0.0034 -95 24 466 400
Barcode 0.0033 -273 779 328 1284
Barcode 0.0033 869 832 1402 1240
Barcode 0.0033 943 292 1354 687
Barcode 0.0032 1001 724 1600 1609
Barcode 0.0032 -221 -43 306 179
Barcode 0.0031 785 414 1188 861
Barcode 0.0031 836 78 1480 1166
Barcode 0.0030 858 1055 1392 1569
Barcode 0.0030 767 706 1217 1131
Barcode 0.0027 760 24 1219 409
Barcode 0.0027 -45 470 454 1080
Barcode 0.0026 779 146 1215 562
Barcode 0.0026 917 -68 1359 205
Barcode 0.0025 -7 1070 371 1564
Barcode 0.0024 -373 1596 -66 1824
Barcode 0.0024 708 -63 1270 739
Barcode 0.0022 -105 1450 207 1755
Barcode 0.0022 766 -48 1221 215
Barcode 0.0022 809 -307 1474 445
Barcode 0.0021 797 947 1189 1373
Barcode 0.0021 625 1077 1099 1557
Barcode 0.0020 789 281 1214 714
Barcode 0.0020 37 359 582 891
Barcode 0.0019 66 1172 548 1699
Barcode 0.0019 190 797 966 1260
Barcode 0.0019 40 955 843 1421
Barcode 0.0018 1181 -17 1647 998
Barcode 0.0018 647 816 1127 1257
Barcode 0.0018 112 1065 777 1575
Barcode 0.0018 92 -380 1099 500
Barcode 0.0015 612 230 1139 761
Barcode 0.0014 380 959 1050 1389
Barcode 0.0013 97 64 796 681
Barcode 0.0012 922 1421 1172 1529
Barcode 0.0012 -260 1411 6 1669
Barcode 0.0012 92 571 567 1048
Barcode 0.0011 295 79 1125 632
Color Chart 0.7446 130 827 473 1062
Color Chart 0.0277 903 1415 1092 1513
Color Chart 0.0111 -713 133 476 1608
Color Chart 0.0091 -630 775 208 1803
Color Chart 0.0063 -472 -447 897 1117
Color Chart 0.0063 -849 -339 460 1029
Color Chart 0.0059 -549 542 708 2023
Color Chart 0.0058 236 889 391 991
Color Chart 0.0054 -124 -383 1288 751
Color Chart 0.0054 392 -592 1937 1251
Color Chart 0.0054 812 -403 1799 847
Color Chart 0.0048 -316 63 420 1132
Color Chart 0.0045 -235 1060 352 1763
Color Chart 0.0043 786 632 1808 1950
Color Chart 0.0037 786 304 1522 1478
Color Chart 0.0036 832 -97 1441 777
Color Chart 0.0036 273 -46 2069 2013
Color Chart 0.0028 -57 406 1250 1603
Color Chart 0.0026 1161 329 1671 1471
Color Chart 0.0024 -156 892 828 1930
Color Chart 0.0023 398 732 1344 1817
Color Chart 0.0023 -694 982 280 2372
Color Chart 0.0020 1100 413 1243 642
Color Chart 0.0019 160 852 432 918
Color Chart 0.0019 1131 402 1318 643
Color Chart 0.0016 -227 1017 -26 1227
Color Chart 0.0015 1133 256 1318 512
Color Chart 0.0014 552 -76 1168 734
Color Chart 0.0012 1093 269 1245 516
Color Chart 0.0012 1024 1076 1806 2284
Color Chart 0.0011 1169 380 1414 678
Color Chart 0.0011 1142 99 1306 400
Color Chart 0.0011 -200 -41 878 1505
Color Chart 0.0010 1133 1067 1309 1329
Scale 0.7899 711 400 831 1039
Scale 0.0110 -52 583 532 1252
Scale 0.0094 1081 -78 1539 514
Scale 0.0044 157 790 459 1011
Scale 0.0040 -306 622 413 1667
Scale 0.0035 -303 193 400 1264
Scale 0.0035 1171 862 1618 1740
Scale 0.0032 -302 -224 412 617
Scale 0.0029 1038 66 1564 908
Scale 0.0028 1182 -100 1612 778
Scale 0.0026 684 156 1307 1069
Scale 0.0025 707 597 1275 1437
Scale 0.0024 808 887 1467 1693
Scale 0.0024 169 829 604 1143
Scale 0.0022 -351 909 -46 1190
Scale 0.0021 -86 910 458 1690
Scale 0.0020 1112 443 1318 834
Scale 0.0019 1113 329 1320 677
Scale 0.0019 691 334 932 1027
Scale 0.0019 117 648 1035 1352
Scale 0.0018 1151 37 1459 432
Scale 0.0018 1081 396 1243 761
Scale 0.0016 1102 188 1335 547
Scale 0.0015 1145 236 1434 634
Scale 0.0015 131 960 994 1610
Scale 0.0015 687 658 1070 1106
Scale 0.0015 1067 789 1253 1176
Scale 0.0014 1100 853 1326 1240
Scale 0.0014 1082 271 1245 621
Scale 0.0013 583 18 1157 906
Scale 0.0013 659 411 1094 1297
Scale 0.0012 723 639 1457 2200
Scale 0.0012 1092 989 1336 1373
Scale 0.0011 1100 55 1345 407
Scale 0.0011 1058 927 1264 1306
Scale 0.0010 634 501 882 1094
Scale 0.0010 1090 1111 1342 1520
Scale 0.0010 288 -81 1116 725
Specimen 0.6994 506 417 648 735
Specimen 0.1310 697 407 846 1043
Specimen 0.0078 -463 1062 37 1756
Specimen 0.0074 1205 1146 1522 1721
Specimen 0.0060 -413 468 -2 1216
Specimen 0.0050 -400 927 -13 1574
Specimen 0.0045 -292 -1 -11 138
Specimen 0.0040 -358 1165 -44 1619
Specimen 0.0039 476 381 718 997
Specimen 0.0035 -402 237 -10 902
Specimen 0.0029 -212 -7 41 358
Specimen 0.0026 -178 103 -1 395
Specimen 0.0026 1225 654 1460 1036
Specimen 0.0025 1095 542 1246 779
Specimen 0.0024 1137 738 1312 977
Specimen 0.0024 1133 602 1318 845
Specimen 0.0023 1223 0 1468 223
Specimen 0.0023 1224 787 1463 1173
Specimen 0.0023 1220 519 1463 901
Specimen 0.0023 -267 1251 -3 1662
Specimen 0.0023 -357 1086 -44 1421
Specimen 0.0022 1149 570 1418 982
Specimen 0.0022 1094 675 1246 915
Specimen 0.0022 -203 261 33 625
Specimen 0.0022 1286 718 1459 972
Specimen 0.0022 438 440 594 723
Specimen 0.0021 1147 707 1422 1119
Specimen 0.0021 -290 877 8 1367
Specimen 0.0021 1132 472 1316 706
Specimen 0.0021 1133 1075 1455 1564
Specimen 0.0020 70 144 468 720
Specimen 0.0020 1108 640 1323 1045
Specimen 0.0019 1152 445 1414 837
Specimen 0.0019 1139 875 1308 1113
Specimen 0.0019 1291 850 1457 1107
Specimen 0.0019 -250 1159 -20 1489
Specimen 0.0018 1092 812 1245 1050
Specimen 0.0018 -170 477 6 694
Specimen 0.0018 1182 -10 1419 149
Specimen 0.0018 1308 714 1505 1106
Specimen 0.0018 -244 986 -20 1266
Specimen 0.0018 1307 578 1506 970
Specimen 0.0018 227 325 774 922
Specimen 0.0018 530 400 754 749
Specimen 0.0018 -265 128 -3 612
Specimen 0.0017 -387 1264 -142 1775
Specimen 0.0017 1361 714 1494 975
Specimen 0.0017 1193 64 1444 396
Specimen 0.0017 1282 511 1464 768
Specimen 0.0017 1306 446 1507 833
Specimen 0.0017 -305 420 14 1008
Specimen 0.0017 1104 783 1324 1174
Specimen 0.0016 -253 54 -25 441
Specimen 0.0016 1142 848 1422 1251
Specimen 0.0016 1236 1675 1474 1774
Specimen 0.0016 1238 -14 1482 114
Specimen 0.0016 -205 1052 41 1462
Specimen 0.0016 1357 445 1498 701
Specimen 0.0016 1361 575 1496 841
Specimen 0.0016 -209 382 35 775
Specimen 0.0016 -248 849 -21 1132
Specimen 0.0016 -327 1679 -54 1778
Specimen 0.0016 226 186 1022 1269
Specimen 0.0016 489 472 602 658
Specimen 0.0016 637 -3 987 350
Specimen 0.0016 1298 1062 1519 1576
Specimen 0.0016 -172 889 13 1095
Specimen 0.0016 1309 320 1507 691
Specimen 0.0016 1229 391 1458 756
Specimen 0.0015 -303 1566 -93 1778
Specimen 0.0015 -212 781 41 1195
Specimen 0.0015 -171 752 11 964
Specimen 0.0015 -219 628 47 1075
Specimen 0.0015 1088 943 1246 1189
Specimen 0.0015 1362 844 1492 1113
Specimen 0.0014 1217 914 1467 1319
Specimen 0.0014 1307 844 1508 1245
Specimen 0.0014 -326 258 -98 654
Specimen 0.0014 -250 705 -23 1008
Specimen 0.0014 -247 563 -24 879
Specimen 0.0014 -172 609 9 836
Specimen 0.0013 320 -29 759 366
Specimen 0.0013 140 226 391 681
Specimen 0.0013 -187 1224 26 1554
Specimen 0.0013 481 -14 875 360
Specimen 0.0013 1350 309 1499 563
Specimen 0.0013 -224 225 -17 518
Specimen 0.0013 685 840 1278 2011
Specimen 0.0012 793 -7 1097 349
Specimen 0.0012 -352 1385 -188 1790
Specimen 0.0012 551 279 930 1184
Specimen 0.0012 1292 980 1458 1247
Specimen 0.0012 300 146 629 725
Specimen 0.0012 1283 378 1465 625
Specimen 0.0011 1133 1002 1309 1258
Specimen 0.0011 1142 -23 1318 120
Specimen 0.0011 112 334 544 811
Specimen 0.0011 1343 1150 1488 1476
Specimen 0.0011 -296 18 -64 316
Specimen 0.0011 -199 -27 38 133
Specimen 0.0010 -439 710 -87 1260
Specimen 0.0010 841 83 1042 410
Specimen 0.0010 1350 824 1482 981
Specimen 0.0010 1236 1088 1472 1456
Specimen 0.0010 1171 1044 1406 1362
Specimen 0.0010 1154 0 1300 229
Specimen 0.0010 -268 1525 -14 1804
Specimen 0.0010 134 -16 537 359
Specimen 0.0010 -347 1565 -190 1769
Specimen 0.0010 144 -74 783 261
Specimen 0.0010 1230 245 1464 632
