Label 0.8243 515 1317 1099 1737
Label 0.1516 23 1614 253 1742
Label 0.0977 881 1271 1074 1332
Label 0.0500 30 0 424 29
Label 0.0443 5 87 66 121
Label 0.0219 1066 915 1531 1663
Label 0.0184 7 62 89 124
Label 0.0163 1130 1086 1470 1528
Label 0.0160 1110 971 1480 1355
Label 0.0148 1155 1528 1464 1756
Label 0.0145 901 1 1102 31
Label 0.0139 790 1262 1054 1342
Label 0.0139 9 1 239 29
Label 0.0123 932 1536 1080 1724
Label 0.0110 937 1583 1140 1745
Label 0.0098 1039 581 1561 1438
Label 0.0091 1137 456 1502 797
Label 0.0090 1106 829 1487 1215
Label 0.0088 1137 291 1501 693
Label 0.0086 1083 65 1549 879
Label 0.0082 851 721 1063 1256
Label 0.0079 654 1735 1014 1765
Label 0.0079 928 628 1679 1935
Label 0.0074 1200 1414 1511 1745
Label 0.0073 870 1240 1077 1358
Label 0.0072 -425 461 225 1598
Label 0.0070 476 1734 853 1765
Label 0.0070 1115 544 1499 983
Label 0.0066 -30 29 164 286
Label 0.0066 940 1603 1068 1701
Label 0.0059 894 1097 1092 1308
Label 0.0057 414 110 1634 1683
Label 0.0057 -10 73 71 203
Label 0.0056 -14 1615 78 1752
Label 0.0056 21 1523 279 1771
Label 0.0055 -11 41 83 140
Label 0.0054 135 1336 1031 1774
Label 0.0053 520 1277 1040 1384
Label 0.0052 -534 1075 93 1759
Label 0.0050 -24 -4 167 124
Label 0.0047 932 1483 1170 1709
Label 0.0047 517 1714 979 1767
Label 0.0046 638 1034 1052 1393
Label 0.0046 6 591 77 650
Label 0.0045 339 1663 578 1743
Label 0.0045 410 4 779 28
Label 0.0044 -22 -9 564 55
Label 0.0041 1171 1681 1461 1759
Label 0.0041 -416 -469 558 828
Label 0.0041 1199 606 1539 1193
Label 0.0041 -154 -79 290 469
Label 0.0041 406 1678 511 1728
Label 0.0040 383 1712 828 1758
Label 0.0040 -37 20 95 119
Label 0.0039 -31 1114 70 1267
Label 0.0039 821 1198 1410 1666
Label 0.0038 1 4 291 130
Label 0.0036 10 37 267 320
Label 0.0036 791 730 1493 1592
Label 0.0034 1165 197 1615 1309
Label 0.0034 4 1610 70 1692
Label 0.0033 -44 566 81 731
Label 0.0033 787 -214 1811 1934
Label 0.0032 -450 53 558 1466
Label 0.0032 1065 -180 1544 375
Label 0.0032 0 1138 64 1181
Label 0.0032 -243 1119 347 1727
Label 0.0032 1204 445 1434 708
Label 0.0032 9 1628 65 1736
Label 0.0031 5 1439 621 1738
Label 0.0030 558 1294 1069 1510
Label 0.0030 129 1730 524 1765
Label 0.0029 205 -14 1004 399
Label 0.0029 6 60 104 237
Label 0.0029 431 1530 1057 1792
Label 0.0028 611 811 1081 1511
Label 0.0028 7 25 74 107
Label 0.0027 70 1242 547 1630
Label 0.0027 901 1733 1110 1767
Label 0.0027 3 613 116 783
Label 0.0027 7 1255 324 1648
Label 0.0027 166 1 556 27
Label 0.0027 17 1079 660 1734
Label 0.0026 644 361 1379 1622
Label 0.0026 6 20 116 89
Label 0.0026 -91 -109 996 271
Label 0.0026 -58 1144 86 1353
Label 0.0026 677 1427 914 1642
Label 0.0025 70 900 528 1466
Label 0.0025 -22 1633 571 1772
Label 0.0025 851 1488 1091 1719
Label 0.0025 372 1420 1109 1880
Label 0.0025 553 1196 975 1359
Label 0.0024 818 1276 1109 1425
Label 0.0024 -89 756 465 1541
Label 0.0023 -69 607 94 798
Label 0.0023 1160 461 1302 685
Label 0.0022 897 1487 1251 1848
Label 0.0022 -90 1651 139 1779
Label 0.0022 0 -5 278 63
Label 0.0022 1205 292 1435 583
Label 0.0021 1206 588 1437 835
Label 0.0021 23 1700 540 1771
Label 0.0021 50 1560 857 1802
Label 0.0021 942 1494 1061 1554
Label 0.0020 -309 -153 66 353
Label 0.0020 49 3 195 20
Label 0.0020 1253 497 1467 785
Label 0.0019 796 853 1186 1465
Label 0.0019 1160 599 1303 819
Label 0.0019 331 1702 540 1750
Label 0.0019 1156 321 1302 552
Label 0.0019 -43 1061 74 1195
Label 0.0019 27 -11 887 661
Label 0.0019 -358 1473 186 1902
Label 0.0019 525 1191 1030 1608
Label 0.0019 5 83 122 376
Label 0.0019 1187 1129 1431 1382
Label 0.0018 1141 1479 1349 1723
Label 0.0018 -227 862 -28 1106
Label 0.0018 -252 302 -22 594
Label 0.0018 -346 1102 -53 1405
Label 0.0018 21 5 158 25
Label 0.0018 -3 11 608 134
Label 0.0018 1236 620 1464 954
Label 0.0018 989 1184 1593 2122
Label 0.0018 -257 1243 -23 1558
Label 0.0017 628 -179 1348 326
Label 0.0017 1141 1730 1480 1768
Label 0.0017 -4 1155 119 1352
Label 0.0017 -222 1189 -29 1453
Label 0.0017 1343 440 1486 701
Label 0.0017 -66 -27 102 146
Label 0.0017 -236 445 -16 702
Label 0.0016 -252 712 -29 998
Label 0.0016 -256 922 -20 1197
Label 0.0016 623 912 1634 2415
Label 0.0016 1250 348 1471 661
Label 0.0016 -340 980 -55 1258
Label 0.0016 -258 594 -23 852
Label 0.0016 -4 2 132 33
Label 0.0016 1150 1138 1302 1368
Label 0.0016 -89 1020 465 2177
Label 0.0016 1344 1042 1491 1321
Label 0.0016 347 1731 716 1762
Label 0.0016 1198 1001 1426 1250
Label 0.0016 -43 1439 962 1889
Label 0.0015 -99 1086 103 1413
Label 0.0015 -332 852 -65 1116
Label 0.0015 1349 583 1488 832
Label 0.0015 -329 1269 -92 1666
Label 0.0015 -297 1456 -123 1749
Label 0.0015 318 102 1112 789
Label 0.0015 -193 619 31 822
Label 0.0015 -89 19 99 301
Label 0.0015 2 1110 99 1257
Label 0.0014 1154 943 1300 1157
Label 0.0014 86 4 233 18
Label 0.0014 1232 744 1467 1097
Label 0.0014 1352 926 1488 1173
Label 0.0014 428 38 1043 574
Label 0.0014 933 1635 1047 1719
Label 0.0014 -228 1063 -18 1316
Label 0.0014 1181 680 1411 1027
Label 0.0014 -84 1435 261 1769
Label 0.0014 672 105 961 642
Label 0.0014 1086 1684 1395 1781
Label 0.0014 1199 870 1434 1102
Label 0.0014 -255 1393 -29 1678
Label 0.0013 153 4 306 17
Label 0.0013 1129 1190 1305 1468
Label 0.0013 863 1262 1041 1313
Label 0.0013 -190 1020 23 1241
Label 0.0013 921 1673 1101 1769
Label 0.0013 1154 742 1307 949
Label 0.0013 -26 1602 227 1797
Label 0.0013 1156 810 1302 1016
Label 0.0013 36 82 195 404
Label 0.0013 -186 524 46 759
Label 0.0013 586 -472 1409 596
Label 0.0013 1327 1678 1522 1776
Label 0.0013 60 1173 1119 2142
Label 0.0013 185 1335 907 1590
Label 0.0012 1319 668 1512 905
Label 0.0012 1353 794 1487 1031
Label 0.0012 968 1733 1100 1759
Label 0.0012 -340 687 -86 1035
Label 0.0012 1153 176 1289 449
Label 0.0012 892 1424 1117 1666
Label 0.0012 572 1220 1074 1427
Label 0.0012 -27 -13 247 204
Label 0.0012 -194 1149 23 1380
Label 0.0012 574 1058 785 1322
Label 0.0012 1155 1275 1434 1684
Label 0.0012 813 1708 1088 1770
Label 0.0012 -68 535 87 649
Label 0.0012 499 1069 721 1322
Label 0.0011 751 1239 1066 1393
Label 0.0011 7 605 86 713
Label 0.0011 -168 383 21 624
Label 0.0011 -170 932 20 1166
Label 0.0011 -341 561 -84 892
Label 0.0011 -184 1278 15 1517
Label 0.0011 -18 1720 206 1763
Label 0.0011 -11 141 147 479
Label 0.0011 -29 -58 676 452
Label 0.0011 -190 811 21 1040
Label 0.0011 -120 124 138 351
Label 0.0011 -260 1572 -22 1779
Label 0.0011 -166 173 18 424
Label 0.0011 809 1209 1086 1530
Label 0.0011 1315 867 1514 1113
Label 0.0011 -55 1426 76 1647
Label 0.0011 1308 1123 1516 1403
Label 0.0010 -327 1458 -219 1754
Label 0.0010 -183 1415 22 1659
Label 0.0010 -342 411 -74 769
Label 0.0010 -81 968 95 1155
Label 0.0010 223 1366 629 1670
Label 0.0010 608 1487 1052 1712
Label 0.0010 687 134 1308 1047
Label 0.0010 -278 1684 14 1778
Barcode 0.7575 54 1634 245 1719
Barcode 0.0554 7 80 67 113
Barcode 0.0322 399 1699 494 1735
Barcode 0.0094 945 -1 1111 31
Barcode 0.0090 937 1492 1060 1530
Barcode 0.0082 -371 42 -4 373
Barcode 0.0076 -342 826 136 1232
Barcode 0.0076 -355 968 159 1379
Barcode 0.0076 -439 -168 89 588
Barcode 0.0074 -299 23 21 149
Barcode 0.0074 810 603 1439 1195
Barcode 0.0058 1211 1059 1516 1561
Barcode 0.0056 -348 1089 140 1531
Barcode 0.0049 -352 447 180 820
Barcode 0.0049 831 941 1428 1396
Barcode 0.0048 -148 106 258 577
Barcode 0.0048 -402 57 219 1185
Barcode 0.0048 -316 144 102 570
Barcode 0.0047 -348 309 149 691
Barcode 0.0046 1135 3 1469 182
Barcode 0.0045 -19 1618 250 1744
Barcode 0.0044 -463 1219 6 1662
Barcode 0.0043 496 -140 1009 383
Barcode 0.0043 -350 545 163 988
Barcode 0.0042 366 1703 543 1748
Barcode 0.0040 -179 1074 286 1537
Barcode 0.0040 407 1683 503 1724
Barcode 0.0036 0 0 884 148
Barcode 0.0036 -212 234 320 728
Barcode 0.0035 -466 689 29 1117
Barcode 0.0034 6 1133 72 1197
Barcode 0.0032 929 5 1072 24
Barcode 0.0032 19 1093 316 1520
Barcode 0.0032 19 947 334 1379
Barcode 0.0031 -288 474 364 1300
Barcode 0.0029 -143 949 245 1381
Barcode 0.0028 917 394 1393 858
Barcode 0.0028 88 28 816 351
Barcode 0.0027 -376 1604 -74 1821
Barcode 0.0026 -5 591 68 629
Barcode 0.0026 -415 1383 -33 1770
Barcode 0.0026 1008 5 1106 32
Barcode 0.0026 -2 1127 66 1171
Barcode 0.0025 -314 1604 120 1806
Barcode 0.0025 519 317 1163 920
Barcode 0.0025 4 1616 120 1738
Barcode 0.0024 780 443 1212 1079
Barcode 0.0023 1 1593 61 1646
Barcode 0.0023 -10 1709 251 1760
Barcode 0.0021 30 1647 344 1764
Barcode 0.0020 -5 749 353 1288
Barcode 0.0020 106 107 773 599
Barcode 0.0019 703 -21 1214 202
Barcode 0.0019 932 -60 1332 180
Barcode 0.0016 97 -395 1107 519
Barcode 0.0015 15 578 81 630
Barcode 0.0015 378 179 1047 747
Barcode 0.0014 -90 393 483 875
Barcode 0.0012 935 1593 1050 1701
Barcode 0.0011 880 1271 1018 1305
Barcode 0.0010 38 1649 184 1713
Color Chart 0.6834 620 45 961 291
Color Chart 0.0579 17 1619 247 1736
Color Chart 0.0107 261 -299 2061 2001
Color Chart 0.0078 -888 405 480 1878
Color Chart 0.0078 -551 571 122 1453
Color Chart 0.0067 -728 -421 868 2109
Color Chart 0.0066 -772 -493 412 912
Color Chart 0.0063 697 187 1590 1603
Color Chart 0.0056 905 -322 1716 1008
Color Chart 0.0048 -261 -90 373 767
Color Chart 0.0045 -925 -179 540 1388
Color Chart 0.0042 -548 163 123 1043
Color Chart 0.0042 -444 745 582 2069
Color Chart 0.0042 646 917 1635 1897
Color Chart 0.0042 872 547 1968 2034
Color Chart 0.0042 -439 79 553 1693
Color Chart 0.0041 294 -67 1430 1281
Color Chart 0.0038 -315 905 414 1689
Color Chart 0.0036 718 112 865 214
Color Chart 0.0036 -394 -425 822 1075
Color Chart 0.0034 -759 891 344 2202
Color Chart 0.0031 10 1627 115 1728
Color Chart 0.0027 -99 -320 1040 728
Color Chart 0.0024 205 12 996 372
Color Chart 0.0023 853 90 1460 1131
Color Chart 0.0019 737 145 985 311
Color Chart 0.0017 1177 -229 1617 410
Color Chart 0.0016 275 -121 1210 765
Color Chart 0.0016 1191 1178 1428 1467
Color Chart 0.0014 789 60 868 108
Color Chart 0.0010 1273 1117 1463 1388
Scale 0.7869 969 35 1082 669
Scale 0.0220 901 49 1141 692
Scale 0.0139 1100 -56 1523 715
Scale 0.0107 502 -25 1011 454
Scale 0.0077 1171 895 1567 1681
Scale 0.0027 -112 -36 461 719
Scale 0.0027 471 92 1236 1097
Scale 0.0026 1010 206 1068 578
Scale 0.0017 703 634 872 939
Scale 0.0017 993 86 1070 518
Scale 0.0014 696 26 1067 538
Scale 0.0014 -42 38 161 407
Scale 0.0012 1084 991 1345 1384
Scale 0.0012 1076 853 1350 1251
Scale 0.0010 1107 107 1325 489
Specimen 0.7672 35 13 980 1727
Specimen 0.0115 854 704 1099 1192
Specimen 0.0104 1148 82 1479 591
Specimen 0.0098 645 587 1001 1276
Specimen 0.0098 807 505 1155 1340
Specimen 0.0070 176 566 917 1649
Specimen 0.0064 100 525 861 1150
Specimen 0.0058 1201 1137 1512 1722
Specimen 0.0050 -290 0 -16 138
Specimen 0.0048 567 33 1064 706
Specimen 0.0046 800 682 1015 1282
Specimen 0.0043 1198 60 1543 416
Specimen 0.0042 534 433 1156 1412
Specimen 0.0041 258 61 1138 1175
Specimen 0.0039 -233 16 622 1743
Specimen 0.0032 1141 295 1450 723
Specimen 0.0031 482 828 960 1465
Specimen 0.0030 -218 -10 52 361
Specimen 0.0027 1182 446 1424 733
Specimen 0.0027 -388 1114 -31 1655
Specimen 0.0027 1101 495 1479 1197
Specimen 0.0026 -411 922 -20 1443
Specimen 0.0025 1120 1043 1469 1596
Specimen 0.0024 74 1060 543 1543
Specimen 0.0022 50 9 849 903
Specimen 0.0021 1215 387 1480 896
Specimen 0.0021 -419 546 -4 1142
Specimen 0.0021 131 103 479 578
Specimen 0.0020 288 -110 1419 1596
Specimen 0.0020 -292 215 5 669
Specimen 0.0019 -289 779 4 1190
Specimen 0.0019 1146 401 1294 631
Specimen 0.0019 -122 384 487 1378
Specimen 0.0018 -176 116 5 379
Specimen 0.0018 1293 352 1520 807
Specimen 0.0018 9 717 682 1603
Specimen 0.0018 -336 1223 -63 1555
Specimen 0.0018 116 200 750 759
Specimen 0.0018 1142 531 1298 769
Specimen 0.0018 148 828 821 1266
Specimen 0.0017 -195 -19 30 131
Specimen 0.0017 1112 790 1465 1311
Specimen 0.0017 -269 36 -8 440
Specimen 0.0017 -296 1053 3 1459
Specimen 0.0017 -302 1574 -102 1779
Specimen 0.0017 1295 1046 1528 1597
Specimen 0.0016 -285 1254 -3 1656
Specimen 0.0016 -302 499 4 928
Specimen 0.0016 658 568 874 1017
Specimen 0.0016 -346 1303 -69 1735
Specimen 0.0016 1288 537 1527 1026
Specimen 0.0016 1218 1 1467 228
Specimen 0.0016 -397 320 -18 825
Specimen 0.0015 1303 882 1515 1360
Specimen 0.0015 7 140 667 1275
Specimen 0.0015 1179 -8 1419 140
Specimen 0.0015 1103 389 1319 766
Specimen 0.0015 -324 1682 -62 1778
Specimen 0.0014 787 -99 1250 892
Specimen 0.0014 1189 1224 1430 1566
Specimen 0.0014 1137 666 1302 906
Specimen 0.0014 143 1000 1006 1586
Specimen 0.0014 1169 1038 1415 1367
Specimen 0.0014 1060 599 1369 1094
Specimen 0.0014 1087 503 1336 924
Specimen 0.0014 1079 1100 1358 1538
Specimen 0.0013 1099 248 1324 629
Specimen 0.0013 1228 942 1471 1427
Specimen 0.0013 -294 22 -74 300
Specimen 0.0013 -342 1403 -201 1777
Specimen 0.0013 -63 103 191 493
Specimen 0.0013 369 297 846 985
Specimen 0.0013 -152 18 151 452
Specimen 0.0013 1316 309 1512 585
Specimen 0.0012 1292 107 1525 645
Specimen 0.0012 -230 238 -15 499
Specimen 0.0012 1135 1004 1300 1253
Specimen 0.0012 -100 1592 126 1824
Specimen 0.0012 -226 1197 53 1586
Specimen 0.0011 531 979 835 1405
Specimen 0.0011 191 1307 760 1734
Specimen 0.0011 439 175 920 708
Specimen 0.0011 1082 925 1345 1315
Specimen 0.0011 -247 613 76 1082
Specimen 0.0011 324 443 667 1238
Specimen 0.0011 -221 393 52 763
Specimen 0.0011 -116 552 114 861
Specimen 0.0010 -322 1565 -219 1780
Specimen 0.0010 0 26 245 440
Specimen 0.0010 57 -56 599 248
Specimen 0.0010 -212 873 47 1232
Specimen 0.0010 1148 90 1307 386
Specimen 0.0010 -448 749 -103 1221
Specimen 0.0010 -323 26 -194 331
Specimen 0.0010 1271 1161 1461 1471
Specimen 0.0010 78 787 478 1455
