Label 0.8231 544 1376 1108 1743
Label 0.2456 891 1258 1091 1350
Label 0.0930 707 873 1077 1136
Label 0.0587 907 1195 1100 1337
Label 0.0239 4 1735 383 1764
Label 0.0212 552 1350 1091 1453
Label 0.0135 -2 3 249 29
Label 0.0134 959 1304 1087 1359
Label 0.0122 762 3 1111 29
Label 0.0121 568 2 971 26
Label 0.0111 949 1614 1136 1745
Label 0.0109 940 1 1123 30
Label 0.0102 1106 1097 1501 1767
Label 0.0080 1157 1551 1463 1761
Label 0.0077 137 3 582 29
Label 0.0074 154 1537 501 1729
Label 0.0064 582 1641 743 1730
Label 0.0061 1069 589 1537 1436
Label 0.0059 0 1700 396 1756
Label 0.0057 26 1353 323 1737
Label 0.0054 603 1350 1041 1614
Label 0.0054 35 1345 1132 1762
Label 0.0051 508 749 1037 1299
Label 0.0051 500 142 1007 804
Label 0.0049 205 1627 522 1741
Label 0.0048 899 1594 1071 1743
Label 0.0048 609 13 1105 708
Label 0.0047 968 2 1101 21
Label 0.0046 -533 1086 86 1743
Label 0.0046 -100 1190 224 1675
Label 0.0044 1057 -206 1550 395
Label 0.0044 75 1578 1075 1769
Label 0.0044 841 1296 1103 1423
Label 0.0043 682 1467 932 1662
Label 0.0042 871 1136 1113 1318
Label 0.0042 1206 1377 1524 1764
Label 0.0041 28 -87 1120 453
Label 0.0040 -228 1108 344 1736
Label 0.0040 -551 559 137 1461
Label 0.0039 589 1702 894 1765
Label 0.0039 69 1231 490 1654
Label 0.0038 506 1728 830 1761
Label 0.0037 875 1103 1173 1456
Label 0.0033 -14 1599 407 1767
Label 0.0032 -42 968 715 1844
Label 0.0032 674 1734 998 1766
Label 0.0032 406 1340 652 1459
Label 0.0031 585 1315 1055 1416
Label 0.0031 243 656 1201 1628
Label 0.0030 748 43 1136 323
Label 0.0030 -342 -351 465 490
Label 0.0030 552 1296 1088 1517
Label 0.0028 422 3 706 29
Label 0.0028 930 1284 1093 1402
Label 0.0028 -324 -233 98 420
Label 0.0028 846 -227 1453 633
Label 0.0027 -567 -816 434 940
Label 0.0027 -167 1592 284 1809
Label 0.0026 862 993 1109 1368
Label 0.0026 892 1396 1319 1769
Label 0.0026 700 -53 1220 435
Label 0.0026 -1 -4 682 63
Label 0.0026 161 1312 358 1603
Label 0.0024 978 1265 1109 1374
Label 0.0024 1163 1685 1464 1766
Label 0.0023 288 1647 548 1723
Label 0.0022 291 1191 637 1281
Label 0.0022 932 1730 1133 1766
Label 0.0022 1160 464 1304 684
Label 0.0021 241 1302 674 1614
Label 0.0020 1182 1472 1583 1860
Label 0.0020 1157 601 1298 816
Label 0.0020 106 1296 298 1646
Label 0.0020 993 1160 1606 2165
Label 0.0020 1161 316 1306 558
Label 0.0020 42 1662 395 1747
Label 0.0020 -365 1260 162 1837
Label 0.0019 926 1672 1116 1764
Label 0.0019 -256 1451 384 1905
Label 0.0019 -238 681 569 1599
Label 0.0019 491 1336 647 1396
Label 0.0019 947 1638 1073 1735
Label 0.0019 -165 -384 838 754
Label 0.0019 535 1670 804 1748
Label 0.0018 439 -8 1073 51
Label 0.0018 625 -2 1105 194
Label 0.0018 389 1295 1004 1627
Label 0.0017 34 1283 208 1662
Label 0.0017 832 1267 1411 1837
Label 0.0017 1157 742 1297 948
Label 0.0017 1004 5 1114 27
Label 0.0017 -7 1289 142 1641
Label 0.0016 746 83 1005 382
Label 0.0016 1208 588 1422 836
Label 0.0016 676 44 985 290
Label 0.0016 1157 883 1293 1086
Label 0.0016 1198 1125 1429 1391
Label 0.0016 914 1495 1238 1859
Label 0.0015 1158 816 1295 1013
Label 0.0015 -11 42 173 288
Label 0.0015 -171 189 9 437
Label 0.0015 1209 998 1419 1246
Label 0.0015 -9 1061 158 1314
Label 0.0015 1157 165 1305 432
Label 0.0015 1156 953 1293 1154
Label 0.0015 1215 798 1421 1037
Label 0.0015 302 1315 640 1483
Label 0.0015 1209 452 1425 699
Label 0.0014 -319 1336 -105 1725
Label 0.0014 -261 1286 -18 1646
Label 0.0014 47 9 639 139
Label 0.0014 383 1234 1062 1472
Label 0.0014 -163 594 23 825
Label 0.0014 104 1169 785 1723
Label 0.0014 -252 281 -19 616
Label 0.0014 -176 1410 11 1662
Label 0.0014 -270 1168 -13 1496
Label 0.0014 -164 317 21 551
Label 0.0014 -238 1476 -31 1736
Label 0.0014 -4 1470 170 1733
Label 0.0014 1189 1286 1439 1652
Label 0.0014 1155 1017 1292 1225
Label 0.0014 -158 460 18 687
Label 0.0014 -181 1 21 210
Label 0.0013 -354 1160 -73 1646
Label 0.0013 -9 1739 205 1766
Label 0.0013 698 362 931 794
Label 0.0013 -259 1581 -21 1772
Label 0.0013 1147 1729 1474 1769
Label 0.0013 644 -245 1335 385
Label 0.0013 -258 1057 -16 1339
Label 0.0013 825 326 1479 1425
Label 0.0012 821 1249 1081 1485
Label 0.0012 700 1710 1066 1773
Label 0.0012 717 164 903 449
Label 0.0012 649 113 868 356
Label 0.0012 665 954 1607 2381
Label 0.0012 -156 1112 588 2208
Label 0.0011 444 1709 793 1769
Label 0.0011 19 6 158 22
Label 0.0011 984 1704 1150 1776
Label 0.0011 1211 301 1428 573
Label 0.0011 656 165 840 457
Label 0.0011 895 1473 1129 1753
Label 0.0011 272 1199 651 1347
Label 0.0011 -190 1271 22 1531
Label 0.0011 419 1380 512 1425
Label 0.0011 270 1372 540 1699
Label 0.0011 733 497 1452 2049
Label 0.0011 1153 1141 1288 1370
Label 0.0011 -217 951 -26 1164
Label 0.0011 1356 638 1492 911
Label 0.0011 -226 515 -22 768
Label 0.0011 216 1382 870 1679
Label 0.0011 685 1277 1105 1406
Label 0.0010 -336 615 -73 1078
Label 0.0010 375 1364 565 1455
Label 0.0010 1002 1733 1124 1761
Label 0.0010 -5 940 144 1168
Label 0.0010 633 1148 1002 1366
Label 0.0010 699 660 1241 1219
Label 0.0010 578 1534 944 1750
Label 0.0010 253 1109 611 1229
Label 0.0010 -77 -179 722 338
Label 0.0010 1332 1686 1512 1779
Label 0.0010 -46 -32 187 235
Label 0.0010 657 506 843 788
Label 0.0010 -24 1174 154 1486
Label 0.0010 -332 569 -50 853
Label 0.0010 401 1306 654 1393
Barcode 0.7193 898 1181 1077 1266
Barcode 0.0104 1148 49 1469 382
Barcode 0.0090 -290 22 30 145
Barcode 0.0078 -374 46 0 376
Barcode 0.0077 1140 7 1472 173
Barcode 0.0074 1110 139 1482 556
Barcode 0.0074 -435 -200 82 627
Barcode 0.0069 -374 -69 174 1037
Barcode 0.0069 -328 294 121 693
Barcode 0.0063 -301 146 84 566
Barcode 0.0063 -338 413 140 837
Barcode 0.0053 1120 871 1486 1202
Barcode 0.0053 -342 1063 128 1557
Barcode 0.0047 545 218 985 760
Barcode 0.0046 88 -20 1077 170
Barcode 0.0045 1115 997 1489 1354
Barcode 0.0045 654 105 1041 643
Barcode 0.0045 1102 740 1500 1072
Barcode 0.0044 1093 290 1497 714
Barcode 0.0044 874 1229 1081 1324
Barcode 0.0043 1054 170 1557 1052
Barcode 0.0042 -455 1203 -9 1669
Barcode 0.0042 1189 697 1615 1615
Barcode 0.0041 1096 462 1509 818
Barcode 0.0041 -459 958 -4 1385
Barcode 0.0040 -258 116 343 587
Barcode 0.0040 118 -1 1028 344
Barcode 0.0038 1085 611 1507 930
Barcode 0.0038 -203 -41 306 195
Barcode 0.0037 -334 816 116 1253
Barcode 0.0035 -451 423 272 1635
Barcode 0.0033 -188 21 293 398
Barcode 0.0033 1219 1095 1553 1544
Barcode 0.0033 908 -1 1372 416
Barcode 0.0032 -391 469 123 1303
Barcode 0.0032 556 460 1134 1059
Barcode 0.0032 -223 1019 308 1584
Barcode 0.0031 872 -64 1403 204
Barcode 0.0029 -356 304 419 1228
Barcode 0.0027 -266 727 347 1329
Barcode 0.0027 371 1303 558 1464
Barcode 0.0026 -402 1367 -48 1775
Barcode 0.0026 -283 1373 74 1767
Barcode 0.0026 -277 1596 76 1802
Barcode 0.0026 866 1207 1351 1659
Barcode 0.0025 -370 1606 -76 1820
Barcode 0.0024 500 1314 632 1375
Barcode 0.0023 923 503 1361 1019
Barcode 0.0023 12 42 613 333
Barcode 0.0022 194 88 964 624
Barcode 0.0021 891 1164 1062 1238
Barcode 0.0020 1170 -213 1613 387
Barcode 0.0019 -441 484 6 1051
Barcode 0.0019 441 338 1032 891
Barcode 0.0018 47 4 193 19
Barcode 0.0018 754 -30 1213 184
Barcode 0.0018 -110 856 454 1467
Barcode 0.0018 -439 1417 1 1955
Barcode 0.0017 -40 286 432 714
Barcode 0.0016 -6 0 644 146
Barcode 0.0016 409 1359 526 1413
Barcode 0.0015 878 658 1382 1152
Barcode 0.0015 448 1366 549 1404
Barcode 0.0014 970 105 1254 637
Barcode 0.0014 -155 0 516 938
Barcode 0.0014 49 1744 202 1760
Barcode 0.0012 818 846 1406 1257
Barcode 0.0011 -51 -536 1021 653
Barcode 0.0011 766 518 1217 989
Barcode 0.0010 956 1188 1132 1313
Color Chart 0.7029 716 906 1072 1146
Color Chart 0.0281 879 1150 1073 1327
Color Chart 0.0066 -795 -517 435 938
Color Chart 0.0063 -472 -93 71 777
Color Chart 0.0061 -895 -466 775 1656
Color Chart 0.0056 760 -347 1856 1021
Color Chart 0.0055 -744 841 322 1978
Color Chart 0.0055 293 -99 1219 1044
Color Chart 0.0051 -573 749 141 1560
Color Chart 0.0049 854 654 1754 1912
Color Chart 0.0047 818 962 962 1058
Color Chart 0.0047 -18 -421 1209 802
Color Chart 0.0046 -486 716 639 2103
Color Chart 0.0041 -338 -183 443 851
Color Chart 0.0034 -368 908 461 1682
Color Chart 0.0033 713 263 2157 2038
Color Chart 0.0032 442 861 1053 1222
Color Chart 0.0030 -436 327 546 1684
Color Chart 0.0030 -582 -658 1013 1024
Color Chart 0.0029 597 -33 1733 1511
Color Chart 0.0025 341 912 1087 1423
Color Chart 0.0022 489 -432 1513 797
Color Chart 0.0022 879 242 1418 1236
Color Chart 0.0019 624 -502 2274 1456
Color Chart 0.0013 757 868 1141 1070
Color Chart 0.0012 1041 1048 1801 2308
Scale 0.7908 965 178 1081 816
Scale 0.0233 894 176 1131 818
Scale 0.0093 1096 -144 1537 570
Scale 0.0058 663 144 1065 799
Scale 0.0055 728 797 1096 1329
Scale 0.0046 1044 4 1560 951
Scale 0.0042 520 424 1218 1491
Scale 0.0037 1176 880 1616 1712
Scale 0.0032 -234 -127 583 795
Scale 0.0016 1150 95 1305 369
Scale 0.0015 1093 37 1342 430
Scale 0.0014 739 881 1045 1046
Scale 0.0011 915 -76 1358 783
Specimen 0.7668 52 11 708 1756
Specimen 0.0231 239 49 1155 1709
Specimen 0.0093 199 658 696 1712
Specimen 0.0077 -506 13 625 1732
Specimen 0.0063 33 675 680 1139
Specimen 0.0062 643 816 1054 1269
Specimen 0.0055 -290 0 -13 138
Specimen 0.0052 139 1627 686 1759
Specimen 0.0047 258 1657 535 1747
Specimen 0.0044 -116 259 563 1478
Specimen 0.0035 51 62 775 806
Specimen 0.0034 -426 358 5 1322
Specimen 0.0032 -83 1180 1057 1889
Specimen 0.0028 703 171 1047 834
Specimen 0.0028 1220 3 1464 222
Specimen 0.0028 81 -113 1108 1029
Specimen 0.0025 115 933 597 1641
Specimen 0.0025 1200 59 1436 402
Specimen 0.0024 -216 -12 54 365
Specimen 0.0022 -258 30 -8 294
Specimen 0.0022 1180 -8 1421 145
Specimen 0.0021 -173 115 3 382
Specimen 0.0021 291 270 890 1530
Specimen 0.0020 1168 1261 1433 1701
Specimen 0.0019 597 249 912 760
Specimen 0.0018 -397 1020 -20 1609
Specimen 0.0018 1144 467 1295 703
Specimen 0.0018 1145 326 1297 574
Specimen 0.0018 1147 609 1288 829
Specimen 0.0018 1083 290 1340 721
Specimen 0.0017 1128 499 1443 926
Specimen 0.0017 344 768 848 1602
Specimen 0.0017 -289 109 6 638
Specimen 0.0017 1126 680 1452 1154
Specimen 0.0017 794 64 1229 1003
Specimen 0.0017 224 577 605 1220
Specimen 0.0017 -302 1574 -100 1775
Specimen 0.0016 1300 285 1517 733
Specimen 0.0016 -238 72 -35 424
Specimen 0.0016 1127 190 1449 689
Specimen 0.0016 1230 1674 1476 1776
Specimen 0.0016 1138 1046 1449 1457
Specimen 0.0015 1086 453 1334 831
Specimen 0.0015 191 299 954 959
Specimen 0.0015 -301 1667 -84 1782
Specimen 0.0015 1146 100 1296 394
Specimen 0.0015 1087 582 1331 976
Specimen 0.0015 -349 1276 -62 1761
Specimen 0.0015 1151 741 1282 969
Specimen 0.0015 -232 518 60 1044
Specimen 0.0014 -393 257 -17 889
Specimen 0.0014 1183 579 1404 877
Specimen 0.0014 45 1500 844 1821
Specimen 0.0014 -195 -25 34 135
Specimen 0.0013 1357 370 1492 637
Specimen 0.0013 -73 999 192 1369
Specimen 0.0013 1188 776 1404 1083
Specimen 0.0013 1151 877 1281 1106
Specimen 0.0013 1152 0 1301 222
Specimen 0.0013 1188 976 1405 1292
Specimen 0.0013 1178 441 1405 744
Specimen 0.0013 1295 554 1520 1006
Specimen 0.0013 1084 783 1335 1184
Specimen 0.0012 -279 1221 -2 1687
Specimen 0.0012 -54 -4 188 325
Specimen 0.0012 -285 966 3 1412
Specimen 0.0012 272 1649 479 1720
Specimen 0.0012 -212 304 43 720
Specimen 0.0012 -181 621 24 827
Specimen 0.0012 -172 482 20 690
Specimen 0.0012 -61 1174 184 1598
Specimen 0.0012 598 5 921 349
Specimen 0.0011 -398 844 -24 1384
Specimen 0.0011 1296 1091 1523 1549
Specimen 0.0011 108 16 700 151
Specimen 0.0011 1176 292 1411 624
Specimen 0.0011 1300 754 1521 1213
Specimen 0.0011 -304 695 18 1270
Specimen 0.0011 -252 934 -19 1194
Specimen 0.0011 -250 441 -21 731
Specimen 0.0011 1356 572 1492 843
Specimen 0.0011 113 -43 692 248
Specimen 0.0011 -338 1514 -196 1794
Specimen 0.0011 1215 817 1476 1282
Specimen 0.0010 -238 1115 71 1530
Specimen 0.0010 345 1328 616 1512
Specimen 0.0010 1323 461 1511 712
Specimen 0.0010 608 125 890 484
Specimen 0.0010 -204 1338 42 1714
Specimen 0.0010 1095 932 1324 1304
Specimen 0.0010 -51 331 435 890
Specimen 0.0010 -300 16 -90 337
Specimen 0.0010 1354 773 1492 1047
Specimen 0.0010 161 1172 516 1725
