Label 0.8518 822 1608 1091 1747
Label 0.7266 341 1621 700 1753
Label 0.6202 25 1690 230 1747
Label 0.3221 862 17 1076 100
Label 0.0877 904 1484 1104 1593
Label 0.0537 401 1641 662 1716
Label 0.0168 879 1632 1037 1734
Label 0.0153 840 1559 1132 1790
Label 0.0128 23 1649 275 1782
Label 0.0117 1066 891 1541 1694
Label 0.0112 355 1709 707 1756
Label 0.0108 -374 622 117 1670
Label 0.0107 335 1569 715 1817
Label 0.0091 614 2 1054 31
Label 0.0083 1158 1195 1475 1696
Label 0.0082 951 2 1130 36
Label 0.0077 854 -22 1114 141
Label 0.0073 46 -15 1113 136
Label 0.0073 908 34 1068 89
Label 0.0064 1051 527 1580 1508
Label 0.0061 1101 821 1492 1232
Label 0.0051 833 -416 1783 861
Label 0.0049 1146 1573 1459 1764
Label 0.0048 125 1 1002 397
Label 0.0047 280 -4 1076 44
Label 0.0046 312 1615 1073 1783
Label 0.0046 9 1670 194 1738
Label 0.0045 -335 1098 71 1732
Label 0.0042 -509 237 93 1506
Label 0.0040 1033 90 1587 1180
Label 0.0039 1219 1366 1521 1760
Label 0.0037 469 0 935 28
Label 0.0037 757 1265 1209 1961
Label 0.0037 -49 -79 1175 252
Label 0.0036 -245 1562 36 1776
Label 0.0035 -345 1018 -82 1507
Label 0.0035 858 297 1731 1972
Label 0.0035 -238 1501 -12 1671
Label 0.0033 -436 1248 13 1845
Label 0.0032 874 4 1122 47
Label 0.0032 699 10 1133 99
Label 0.0031 866 1482 1095 1679
Label 0.0030 318 173 591 414
Label 0.0030 -345 -355 459 481
Label 0.0029 885 1320 1146 1689
Label 0.0029 8 1145 368 1590
Label 0.0029 25 1690 130 1744
Label 0.0029 39 3 479 29
Label 0.0028 -241 1434 29 1721
Label 0.0027 -310 1439 104 1907
Label 0.0027 -29 1586 273 1844
Label 0.0026 15 -5 802 52
Label 0.0026 -549 -781 407 903
Label 0.0026 -346 869 -84 1253
Label 0.0026 -49 1632 702 1773
Label 0.0025 305 1351 1125 1780
Label 0.0025 513 868 1240 1951
Label 0.0024 1169 591 1313 823
Label 0.0024 736 -58 1215 421
Label 0.0024 -114 479 491 1546
Label 0.0024 468 1652 630 1697
Label 0.0024 1157 1681 1466 1765
Label 0.0023 633 1263 1101 1660
Label 0.0023 1166 454 1314 690
Label 0.0023 0 1054 901 1792
Label 0.0022 -18 1718 166 1768
Label 0.0022 731 818 1560 2004
Label 0.0022 812 -204 1438 359
Label 0.0022 1210 587 1422 834
Label 0.0021 794 1398 1100 1739
Label 0.0021 -2 1367 251 1719
Label 0.0021 33 -401 1157 522
Label 0.0021 1357 579 1495 838
Label 0.0021 1359 786 1492 1037
Label 0.0020 1183 639 1410 942
Label 0.0020 827 1705 1110 1763
Label 0.0020 18 1726 128 1759
Label 0.0020 -176 477 17 690
Label 0.0020 -78 1504 748 1890
Label 0.0020 1205 447 1420 702
Label 0.0019 -355 723 -80 1126
Label 0.0019 843 1081 1417 1752
Label 0.0019 355 1275 778 1963
Label 0.0019 1360 919 1492 1175
Label 0.0019 1325 664 1508 912
Label 0.0019 1180 756 1411 1094
Label 0.0019 -12 4 252 29
Label 0.0019 -223 958 -26 1154
Label 0.0019 1356 445 1498 702
Label 0.0018 1167 733 1315 954
Label 0.0018 1178 1479 1589 1858
Label 0.0018 1275 726 1465 965
Label 0.0018 -175 335 14 564
Label 0.0018 1276 517 1461 769
Label 0.0018 1323 862 1513 1118
Label 0.0017 1168 935 1308 1166
Label 0.0017 -224 891 -25 1087
Label 0.0017 79 1248 776 1704
Label 0.0017 189 1659 660 1771
Label 0.0017 -324 1330 -95 1724
Label 0.0017 1162 315 1312 560
Label 0.0016 392 1202 1026 1687
Label 0.0016 1211 933 1423 1168
Label 0.0016 -227 819 -22 1021
Label 0.0016 -245 430 -20 735
Label 0.0016 -166 604 19 820
Label 0.0016 1017 1079 1587 1984
Label 0.0016 -162 744 17 953
Label 0.0016 -178 1442 7 1645
Label 0.0016 -228 1020 -25 1229
Label 0.0015 -297 1486 -84 1692
Label 0.0015 1162 1059 1306 1311
Label 0.0015 1099 465 1256 703
Label 0.0015 429 1654 765 1764
Label 0.0015 824 -102 1159 269
Label 0.0015 -175 1090 8 1299
Label 0.0015 -24 -107 646 543
Label 0.0015 1358 1041 1492 1320
Label 0.0015 1155 165 1306 430
Label 0.0014 167 1733 404 1763
Label 0.0014 1319 996 1516 1258
Label 0.0014 1094 596 1253 839
Label 0.0014 -196 1095 376 1985
Label 0.0014 257 1444 704 1921
Label 0.0014 344 1 785 28
Label 0.0014 929 512 1110 784
Label 0.0014 -201 525 624 2072
Label 0.0014 -185 1233 11 1563
Label 0.0013 1199 133 1437 458
Label 0.0013 -171 234 21 494
Label 0.0013 153 14 801 143
Label 0.0013 -356 490 -70 950
Label 0.0012 -285 1681 13 1775
Label 0.0012 79 145 316 488
Label 0.0012 1208 1057 1424 1316
Label 0.0012 1097 334 1254 568
Label 0.0012 642 1731 882 1761
Label 0.0012 948 470 1108 685
Label 0.0011 964 29 1094 75
Label 0.0011 1143 1729 1477 1768
Label 0.0011 580 -512 1250 625
Label 0.0011 928 1731 1147 1767
Label 0.0011 -61 1199 736 2153
Label 0.0011 -347 301 -72 741
Label 0.0011 1206 303 1427 572
Label 0.0010 1335 1685 1510 1778
Label 0.0010 -170 -221 822 384
Label 0.0010 1137 1476 1320 1727
Label 0.0010 -185 2 22 210
Label 0.0010 -233 673 -16 884
Label 0.0010 953 406 1106 611
Label 0.0010 1156 1189 1300 1450
Label 0.0010 433 53 650 311
Label 0.0010 367 55 575 308
Label 0.0010 1017 416 1158 613
Label 0.0010 -200 -22 49 109
Barcode 0.8406 897 1498 1093 1587
Barcode 0.5477 868 28 1088 100
Barcode 0.0133 -382 400 136 1611
Barcode 0.0104 -357 792 95 1252
Barcode 0.0101 -386 105 150 1125
Barcode 0.0100 1149 45 1465 385
Barcode 0.0097 -338 -93 117 772
Barcode 0.0096 1106 141 1488 553
Barcode 0.0095 -350 371 99 878
Barcode 0.0090 53 1679 204 1736
Barcode 0.0083 -294 112 67 575
Barcode 0.0079 1152 10 1463 159
Barcode 0.0078 -295 25 41 150
Barcode 0.0071 835 1582 1109 1670
Barcode 0.0066 -283 48 50 379
Barcode 0.0065 -462 916 14 1441
Barcode 0.0064 1113 961 1481 1378
Barcode 0.0062 1087 583 1488 940
Barcode 0.0055 -45 115 416 580
Barcode 0.0054 871 119 1395 583
Barcode 0.0052 1082 486 1506 785
Barcode 0.0051 -265 599 342 1182
Barcode 0.0051 -19 -279 1179 645
Barcode 0.0050 -83 37 466 409
Barcode 0.0049 884 46 1043 87
Barcode 0.0048 -472 256 38 727
Barcode 0.0048 -289 188 376 777
Barcode 0.0048 912 1508 1021 1581
Barcode 0.0047 909 -19 1352 435
Barcode 0.0046 64 1279 312 1486
Barcode 0.0044 887 5 1274 161
Barcode 0.0043 862 285 1422 709
Barcode 0.0040 7 573 607 1224
Barcode 0.0040 1066 -175 1550 363
Barcode 0.0038 836 473 1416 1029
Barcode 0.0038 1073 350 1523 669
Barcode 0.0036 1178 620 1618 1676
Barcode 0.0036 -225 -41 316 181
Barcode 0.0036 847 17 1125 260
Barcode 0.0035 1229 1069 1526 1570
Barcode 0.0035 1182 68 1637 1185
Barcode 0.0035 1225 837 1535 1252
Barcode 0.0033 -219 1021 286 1593
Barcode 0.0032 784 173 1206 573
Barcode 0.0031 -466 643 24 1156
Barcode 0.0031 -332 -232 107 415
Barcode 0.0028 702 -25 1277 697
Barcode 0.0027 912 1468 1109 1555
Barcode 0.0026 733 418 1254 862
Barcode 0.0026 -364 1598 -72 1824
Barcode 0.0025 -22 818 394 1261
Barcode 0.0023 863 1220 1358 1697
Barcode 0.0022 1043 1588 1094 1631
Barcode 0.0022 585 969 1101 1607
Barcode 0.0020 76 879 809 1480
Barcode 0.0020 5 1091 601 1594
Barcode 0.0018 670 42 1062 398
Barcode 0.0017 224 1015 936 1611
Barcode 0.0017 -31 -19 681 160
Barcode 0.0015 919 1523 1116 1613
Barcode 0.0015 968 1384 1058 1457
Barcode 0.0014 752 28 1090 122
Barcode 0.0013 725 576 1210 1234
Barcode 0.0011 1032 1571 1109 1617
Barcode 0.0010 -3 1620 380 1767
Barcode 0.0010 951 1412 1063 1485
Color Chart 0.6313 73 1310 312 1642
Color Chart 0.0094 -734 208 528 1783
Color Chart 0.0081 -482 -90 77 774
Color Chart 0.0079 -590 796 172 1771
Color Chart 0.0077 -818 -307 432 991
Color Chart 0.0071 391 -444 1940 1110
Color Chart 0.0067 -365 141 1033 1604
Color Chart 0.0062 -302 366 417 1659
Color Chart 0.0061 -467 -408 907 1059
Color Chart 0.0058 -319 -93 416 764
Color Chart 0.0055 796 -99 1484 790
Color Chart 0.0053 1042 1592 1103 1625
Color Chart 0.0046 99 1401 247 1557
Color Chart 0.0042 909 638 1687 1932
Color Chart 0.0036 698 35 1597 1479
Color Chart 0.0033 407 641 1334 1914
Color Chart 0.0032 840 -680 1777 835
Color Chart 0.0029 524 -525 1461 855
Color Chart 0.0028 756 164 2089 2105
Color Chart 0.0024 22 1410 222 1681
Color Chart 0.0023 -687 993 275 2362
Color Chart 0.0021 -121 759 1067 1802
Color Chart 0.0019 722 816 1086 1436
Color Chart 0.0015 1132 177 1317 451
Color Chart 0.0015 977 1149 1610 2182
Color Chart 0.0013 1203 1114 1423 1394
Color Chart 0.0012 -53 -477 1038 602
Color Chart 0.0011 1066 1584 1117 1635
Color Chart 0.0010 1146 32 1302 331
Scale 0.7779 969 839 1077 1474
Scale 0.2062 73 1316 313 1652
Scale 0.0175 901 829 1134 1466
Scale 0.0103 1057 -33 1543 696
Scale 0.0056 -49 1212 376 1727
Scale 0.0050 -143 -36 507 717
Scale 0.0044 1182 865 1586 1714
Scale 0.0039 829 -177 1458 597
Scale 0.0027 -266 924 356 1644
Scale 0.0026 -45 407 677 1597
Scale 0.0025 795 824 1053 1428
Scale 0.0024 582 68 1404 1413
Scale 0.0023 1150 25 1453 446
Scale 0.0021 577 877 1128 1642
Scale 0.0017 962 896 1241 1584
Scale 0.0016 1101 104 1341 494
Scale 0.0014 1146 91 1307 373
Scale 0.0013 203 905 944 1648
Scale 0.0012 1105 1041 1327 1458
Scale 0.0011 896 509 1343 1588
Scale 0.0010 1060 855 1219 1374
Scale 0.0010 1088 955 1199 1315
Scale 0.0010 1091 1145 1346 1624
Specimen 0.7915 493 721 878 1148
Specimen 0.7618 256 480 452 823
Specimen 0.6971 702 372 898 527
Specimen 0.6296 414 292 518 427
Specimen 0.0222 226 233 948 1011
Specimen 0.0198 666 757 852 1170
Specimen 0.0151 725 426 906 581
Specimen 0.0124 308 241 803 629
Specimen 0.0110 167 433 627 869
Specimen 0.0104 -376 902 80 1672
Specimen 0.0095 330 286 498 450
Specimen 0.0092 230 297 487 795
Specimen 0.0066 1215 1149 1518 1719
Specimen 0.0062 352 235 577 542
Specimen 0.0059 -426 1137 -16 1690
Specimen 0.0057 513 160 1170 1298
Specimen 0.0056 106 462 412 829
Specimen 0.0054 409 386 825 1161
Specimen 0.0048 -37 197 691 1524
Specimen 0.0048 -345 1055 -81 1603
Specimen 0.0048 738 376 1138 605
Specimen 0.0046 -15 1300 374 1760
Specimen 0.0046 669 284 974 793
Specimen 0.0045 -182 348 1086 1645
Specimen 0.0045 1193 50 1533 399
Specimen 0.0045 -408 778 -11 1448
Specimen 0.0042 124 570 813 1177
Specimen 0.0037 -432 423 5 1251
Specimen 0.0037 -297 -2 -8 140
Specimen 0.0037 345 -226 1340 1413
Specimen 0.0037 1199 643 1537 1169
Specimen 0.0036 643 258 902 539
Specimen 0.0033 1140 223 1649 1538
Specimen 0.0031 -255 1157 -30 1640
Specimen 0.0031 261 553 407 743
Specimen 0.0031 -125 30 489 899
Specimen 0.0030 642 150 1299 788
Specimen 0.0030 1222 541 1474 1010
Specimen 0.0029 -212 -14 44 367
Specimen 0.0027 1221 -7 1470 143
Specimen 0.0027 -289 973 3 1538
Specimen 0.0026 -176 108 3 392
Specimen 0.0026 1244 594 1465 854
Specimen 0.0025 1147 490 1427 932
Specimen 0.0025 1135 603 1322 838
Specimen 0.0024 406 325 522 482
Specimen 0.0024 -403 220 -13 915
Specimen 0.0024 1162 1172 1420 1645
Specimen 0.0024 1090 567 1351 1115
Specimen 0.0023 1305 606 1518 1076
Specimen 0.0023 -299 630 12 1199
Specimen 0.0022 1142 722 1438 1235
Specimen 0.0022 -35 502 417 1004
Specimen 0.0022 355 207 586 804
Specimen 0.0022 334 585 1143 1683
Specimen 0.0022 1245 769 1471 1077
Specimen 0.0021 488 349 710 937
Specimen 0.0021 1189 687 1404 1023
Specimen 0.0021 1313 819 1511 1276
Specimen 0.0021 1304 422 1515 857
Specimen 0.0021 -352 1270 -62 1774
Specimen 0.0020 65 1220 580 1709
Specimen 0.0020 -243 926 -21 1191
Specimen 0.0020 1228 374 1461 775
Specimen 0.0020 -207 103 42 514
Specimen 0.0019 1134 467 1314 711
Specimen 0.0019 1145 715 1310 987
Specimen 0.0019 -250 1041 -22 1349
Specimen 0.0019 -218 367 44 790
Specimen 0.0018 -286 177 1 700
Specimen 0.0018 -173 893 13 1089
Specimen 0.0018 1175 455 1408 733
Specimen 0.0018 -222 553 49 1011
Specimen 0.0017 -308 1667 -85 1781
Specimen 0.0017 -207 792 33 1181
Specimen 0.0017 -173 961 11 1156
Specimen 0.0017 321 362 733 787
Specimen 0.0017 475 788 947 1469
Specimen 0.0017 -248 774 -22 1071
Specimen 0.0017 1104 830 1329 1267
Specimen 0.0017 -302 391 9 1032
Specimen 0.0017 -249 60 -26 433
Specimen 0.0017 1246 917 1474 1208
Specimen 0.0017 1087 529 1250 786
Specimen 0.0017 461 718 772 1032
Specimen 0.0016 79 186 454 827
Specimen 0.0016 1184 831 1407 1157
Specimen 0.0016 603 421 862 1019
Specimen 0.0016 1139 935 1308 1188
Specimen 0.0016 340 504 729 1053
Specimen 0.0016 -213 1236 42 1677
Specimen 0.0016 -172 1024 8 1228
Specimen 0.0016 -179 619 21 826
Specimen 0.0016 164 91 503 510
Specimen 0.0016 -178 751 20 963
Specimen 0.0015 1353 374 1500 634
Specimen 0.0015 1232 1675 1476 1776
Specimen 0.0015 1056 504 1265 916
Specimen 0.0015 -210 923 36 1322
Specimen 0.0015 661 91 950 528
Specimen 0.0014 1304 1058 1519 1581
Specimen 0.0014 418 279 596 434
Specimen 0.0014 1146 958 1431 1410
Specimen 0.0014 1089 397 1245 654
Specimen 0.0014 1307 231 1513 647
Specimen 0.0014 1131 327 1314 582
Specimen 0.0014 -244 494 -23 806
Specimen 0.0014 715 160 899 494
Specimen 0.0014 420 334 634 815
Specimen 0.0014 1138 1060 1303 1334
Specimen 0.0014 1166 124 1434 518
Specimen 0.0013 -64 -248 768 945
Specimen 0.0013 628 376 797 519
Specimen 0.0013 -349 1384 -192 1793
Specimen 0.0013 1087 657 1242 922
Specimen 0.0013 1278 377 1464 629
Specimen 0.0012 -308 1587 -89 1759
Specimen 0.0012 1139 -20 1322 115
Specimen 0.0012 1350 1097 1492 1399
Specimen 0.0012 1239 1036 1477 1366
Specimen 0.0012 416 84 793 516
Specimen 0.0012 931 442 1111 719
Specimen 0.0012 549 399 771 895
Specimen 0.0012 669 663 1042 1167
Specimen 0.0011 1175 -7 1424 239
Specimen 0.0011 811 756 1228 1526
Specimen 0.0011 465 298 562 414
Specimen 0.0011 140 87 746 809
Specimen 0.0011 404 269 803 488
Specimen 0.0011 34 155 231 478
Specimen 0.0011 278 25 653 458
Specimen 0.0011 26 631 373 1191
Specimen 0.0011 1049 668 1267 1156
Specimen 0.0011 153 669 664 1012
Specimen 0.0011 -250 626 -20 947
Specimen 0.0011 247 172 433 446
Specimen 0.0011 367 171 662 466
Specimen 0.0011 38 87 360 518
Specimen 0.0010 -201 -26 40 136
Specimen 0.0010 1152 1 1303 221
Specimen 0.0010 -347 1570 -188 1767
Specimen 0.0010 -175 1246 16 1527
Specimen 0.0010 1083 256 1249 521
Specimen 0.0010 1168 304 1419 617
Specimen 0.0010 -374 900 -160 1224
Specimen 0.0010 885 510 1143 910
Specimen 0.0010 349 -29 1132 790
Specimen 0.0010 159 294 370 740
Specimen 0.0010 1130 1176 1306 1482
