Label 0.8519 584 1265 1071 1630
Label 0.3527 91 1548 301 1619
Label 0.1404 143 1560 307 1605
Label 0.1279 644 63 968 318
Label 0.0862 88 1517 220 1629
Label 0.0726 138 1395 604 1573
Label 0.0687 84 1502 152 1616
Label 0.0260 83 1062 144 1105
Label 0.0231 89 1505 328 1633
Label 0.0193 53 1493 131 1619
Label 0.0160 117 1289 311 1410
Label 0.0150 69 1637 1087 1763
Label 0.0113 1063 1450 1151 1638
Label 0.0112 119 1332 312 1515
Label 0.0112 41 1486 152 1667
Label 0.0106 92 1262 1101 1638
Label 0.0089 1113 1108 1485 1493
Label 0.0089 1032 994 1558 1592
Label 0.0086 702 1328 958 1549
Label 0.0079 987 0 1141 29
Label 0.0076 590 1269 1067 1409
Label 0.0076 83 1492 150 1555
Label 0.0069 920 1483 1074 1618
Label 0.0065 -290 564 366 1496
Label 0.0063 121 1568 269 1615
Label 0.0059 1130 1244 1470 1629
Label 0.0059 1085 1492 1165 1666
Label 0.0059 1125 429 1502 834
Label 0.0059 1115 1586 1474 1767
Label 0.0058 1087 988 1497 1343
Label 0.0057 1137 1414 1466 1739
Label 0.0057 480 1654 1175 1758
Label 0.0057 626 1246 1028 1341
Label 0.0055 12 2 235 35
Label 0.0054 97 -7 854 51
Label 0.0053 40 1640 578 1757
Label 0.0052 -140 -10 274 151
Label 0.0052 1071 178 1561 1076
Label 0.0048 588 1556 724 1604
Label 0.0046 1052 -4 1154 22
Label 0.0046 1133 291 1494 706
Label 0.0045 1076 1476 1501 1859
Label 0.0045 1044 0 1162 35
Label 0.0045 186 1338 898 1577
Label 0.0044 81 22 515 444
Label 0.0044 65 1057 147 1124
Label 0.0043 73 1035 153 1106
Label 0.0042 1077 834 1504 1219
Label 0.0041 146 18 1036 384
Label 0.0041 82 1042 145 1158
Label 0.0040 1031 1326 1157 1618
Label 0.0040 -114 1269 211 1624
Label 0.0039 827 1623 1357 1783
Label 0.0038 1080 734 1184 971
Label 0.0037 -175 1601 293 1770
Label 0.0037 28 1011 139 1122
Label 0.0037 -389 1251 186 1849
Label 0.0037 1002 621 1590 1414
Label 0.0036 91 1020 147 1082
Label 0.0036 650 817 1018 1264
Label 0.0036 -380 82 235 1188
Label 0.0035 1074 1315 1186 1601
Label 0.0035 1037 1460 1171 1699
Label 0.0035 1186 1279 1574 1824
Label 0.0034 618 1201 1046 1476
Label 0.0034 22 3 151 28
Label 0.0034 19 -2 236 173
Label 0.0033 946 1227 1291 1659
Label 0.0032 1070 1524 1153 1626
Label 0.0032 838 -130 1435 520
Label 0.0032 597 1517 728 1594
Label 0.0032 -141 -98 496 477
Label 0.0032 1209 478 1548 1056
Label 0.0031 896 1527 1068 1656
Label 0.0031 -410 714 531 2084
Label 0.0031 -44 1501 94 1677
Label 0.0031 1076 943 1187 1163
Label 0.0030 739 195 1527 1581
Label 0.0030 -210 1154 306 1696
Label 0.0030 42 1534 1144 1852
Label 0.0030 17 1033 137 1178
Label 0.0029 1037 798 1161 1046
Label 0.0029 158 1236 548 1590
Label 0.0029 -9 0 141 170
Label 0.0029 34 -7 372 81
Label 0.0027 18 -4 901 141
Label 0.0027 864 1418 1096 1658
Label 0.0027 320 1159 901 1612
Label 0.0026 -331 -155 102 347
Label 0.0025 935 1433 1270 1715
Label 0.0025 533 1583 1116 1779
Label 0.0025 49 -90 1096 287
Label 0.0024 653 993 1040 1372
Label 0.0024 857 1011 1113 1312
Label 0.0024 103 1418 423 1669
Label 0.0024 -185 322 21 579
Label 0.0024 80 1074 155 1259
Label 0.0024 1081 527 1190 769
Label 0.0024 1071 1201 1180 1442
Label 0.0023 576 546 1157 1471
Label 0.0023 -240 1470 359 1885
Label 0.0023 558 1530 770 1635
Label 0.0023 -52 3 85 189
Label 0.0023 -173 188 4 442
Label 0.0023 276 1665 963 1758
Label 0.0022 53 1585 387 1724
Label 0.0022 1040 663 1156 918
Label 0.0022 -43 1440 72 1632
Label 0.0022 1142 252 1625 1516
Label 0.0022 -235 -167 376 325
Label 0.0022 1043 1247 1196 1668
Label 0.0022 1164 1681 1463 1763
Label 0.0022 1028 1009 1162 1249
Label 0.0022 1044 459 1160 712
Label 0.0021 889 1121 1009 1263
Label 0.0021 -71 -234 765 638
Label 0.0021 195 1 593 38
Label 0.0020 1080 869 1189 1093
Label 0.0020 717 799 1613 2005
Label 0.0020 -11 -14 187 99
Label 0.0020 51 978 314 1378
Label 0.0020 58 4 382 38
Label 0.0020 1209 355 1429 657
Label 0.0020 838 -266 1754 1488
Label 0.0019 1080 662 1189 892
Label 0.0019 790 1099 1155 1511
Label 0.0019 -368 -600 553 687
Label 0.0019 1073 1072 1188 1307
Label 0.0019 -242 209 -21 556
Label 0.0019 12 1072 131 1275
Label 0.0018 -81 1449 101 1726
Label 0.0018 634 -178 1345 320
Label 0.0018 1229 536 1454 897
Label 0.0018 162 1543 291 1591
Label 0.0018 55 0 350 152
Label 0.0018 1187 1114 1432 1396
Label 0.0018 -315 1368 -116 1699
Label 0.0017 1155 315 1309 558
Label 0.0017 -33 1665 343 1770
Label 0.0017 52 1128 372 1542
Label 0.0017 1042 852 1216 1250
Label 0.0017 754 972 996 1278
Label 0.0016 182 1569 318 1620
Label 0.0016 570 1185 966 1363
Label 0.0016 12 1513 107 1641
Label 0.0016 -250 1397 -26 1669
Label 0.0016 -194 460 25 719
Label 0.0016 355 892 1054 1443
Label 0.0016 402 1059 595 1210
Label 0.0016 -170 1412 14 1652
Label 0.0016 -195 648 25 936
Label 0.0016 119 1523 264 1605
Label 0.0016 174 1662 499 1763
Label 0.0015 804 1467 1443 1904
Label 0.0015 900 -6 1158 72
Label 0.0015 801 804 1470 1527
Label 0.0015 931 1108 1053 1275
Label 0.0015 1230 659 1452 1043
Label 0.0015 86 1564 177 1644
Label 0.0015 1190 979 1427 1263
Label 0.0015 -254 353 -14 685
Label 0.0015 1025 1184 1160 1472
Label 0.0015 154 1149 721 1519
Label 0.0015 453 -295 1045 554
Label 0.0015 463 -73 1291 973
Label 0.0015 1012 915 1171 1323
Label 0.0015 325 1427 639 1592
Label 0.0014 -98 404 112 619
Label 0.0014 -108 -32 122 230
Label 0.0014 -166 1326 17 1578
Label 0.0014 448 1270 654 1548
Label 0.0014 780 1655 1123 1763
Label 0.0014 884 1307 1378 1807
Label 0.0014 430 1093 576 1189
Label 0.0014 1155 452 1311 696
Label 0.0014 677 1623 979 1744
Label 0.0014 -331 563 -126 880
Label 0.0014 578 -512 1434 620
Label 0.0014 1061 298 1219 581
Label 0.0014 1347 1048 1488 1318
Label 0.0013 -47 796 433 1549
Label 0.0013 1237 423 1474 723
Label 0.0013 764 1329 1118 1602
Label 0.0013 871 1027 1021 1245
Label 0.0013 -352 1127 -92 1549
Label 0.0013 1038 613 1178 827
Label 0.0013 -261 1236 -20 1571
Label 0.0013 1035 1119 1212 1523
Label 0.0012 692 11 1209 400
Label 0.0012 1165 723 1416 1122
Label 0.0012 705 1007 1262 1564
Label 0.0012 -94 953 118 1169
Label 0.0012 -210 773 29 1083
Label 0.0012 -91 1347 115 1585
Label 0.0012 558 1027 962 1488
Label 0.0012 938 1515 1052 1600
Label 0.0012 88 4 224 30
Label 0.0012 1036 989 1219 1380
Label 0.0012 -267 1578 -18 1780
Label 0.0012 -111 325 122 560
Label 0.0012 -333 756 -127 1091
Label 0.0012 50 905 908 1656
Label 0.0012 865 0 1148 38
Label 0.0012 -322 84 -60 388
Label 0.0012 1344 582 1486 835
Label 0.0012 62 1290 613 1718
Label 0.0012 1354 932 1485 1173
Label 0.0012 648 -2 1135 67
Label 0.0011 1142 1434 1326 1636
Label 0.0011 436 1 822 36
Label 0.0011 1081 1562 1152 1649
Label 0.0011 928 0 1123 180
Label 0.0011 -335 925 -125 1210
Label 0.0011 1008 -5 1160 203
Label 0.0011 526 1275 723 1534
Label 0.0011 1087 578 1139 680
Label 0.0011 605 1663 899 1762
Label 0.0011 128 1508 553 1651
Label 0.0011 -349 426 -105 754
Label 0.0011 957 1593 1196 1773
Label 0.0011 -94 1060 100 1320
Label 0.0011 1221 800 1459 1179
Label 0.0011 13 474 618 1544
Label 0.0011 798 1090 997 1289
Label 0.0011 123 1570 681 1782
Label 0.0011 1340 1171 1492 1464
Label 0.0011 1149 590 1316 832
Label 0.0011 67 120 127 177
Label 0.0011 8 6 107 81
Label 0.0011 1096 1425 1167 1607
Label 0.0010 1315 655 1503 916
Label 0.0010 578 1473 768 1603
Label 0.0010 -562 258 175 1522
Label 0.0010 331 0 1013 60
Label 0.0010 -103 858 99 1123
Label 0.0010 930 1382 1070 1508
Label 0.0010 -188 1202 15 1471
Label 0.0010 -109 592 118 842
Label 0.0010 -199 933 32 1203
Label 0.0010 1306 511 1508 789
Label 0.0010 -31 1017 151 1339
Label 0.0010 -15 1261 148 1521
Label 0.0010 47 1036 177 1316
Label 0.0010 252 1145 549 1390
Label 0.0010 -105 464 95 700
Label 0.0010 1145 1728 1477 1769
Label 0.0010 -126 -9 153 109
Label 0.0010 1307 789 1506 1052
Label 0.0010 -348 261 -88 647
Label 0.0010 -352 1022 -105 1391
Label 0.0010 341 1666 618 1765
Barcode 0.8417 129 1323 290 1404
Barcode 0.0361 87 1056 142 1102
Barcode 0.0075 -291 22 37 155
Barcode 0.0068 -372 41 2 384
Barcode 0.0065 -363 1079 163 1546
Barcode 0.0064 -183 835 236 1209
Barcode 0.0063 1152 55 1465 377
Barcode 0.0062 -317 -127 89 567
Barcode 0.0062 -248 2 335 397
Barcode 0.0061 -348 306 167 687
Barcode 0.0059 1137 120 1476 567
Barcode 0.0056 1142 5 1467 161
Barcode 0.0054 -470 138 49 579
Barcode 0.0049 -454 1226 0 1656
Barcode 0.0047 -710 -397 851 2104
Barcode 0.0045 -16 25 382 295
Barcode 0.0045 -230 595 267 1182
Barcode 0.0045 1217 1196 1538 1669
Barcode 0.0044 -251 119 310 590
Barcode 0.0042 -190 970 251 1353
Barcode 0.0041 -323 1394 112 1756
Barcode 0.0041 -340 443 179 833
Barcode 0.0041 91 1022 148 1082
Barcode 0.0037 594 1227 658 1265
Barcode 0.0037 860 411 1390 1108
Barcode 0.0036 -322 -14 409 978
Barcode 0.0036 -293 1589 80 1801
Barcode 0.0035 -471 998 17 1365
Barcode 0.0033 1227 957 1539 1396
Barcode 0.0033 -373 1601 -73 1818
Barcode 0.0032 892 -2 1350 400
Barcode 0.0032 900 -40 1347 187
Barcode 0.0030 -28 135 425 532
Barcode 0.0030 1203 1590 1547 1791
Barcode 0.0030 1061 -222 1551 402
Barcode 0.0028 -458 847 16 1224
Barcode 0.0028 -124 184 511 1581
Barcode 0.0027 474 1134 541 1195
Barcode 0.0027 80 124 145 178
Barcode 0.0026 -14 557 377 1217
Barcode 0.0026 1234 293 1553 720
Barcode 0.0026 -446 1418 18 1949
Barcode 0.0026 924 1066 1325 1543
Barcode 0.0025 36 834 343 1231
Barcode 0.0025 1191 -23 1595 989
Barcode 0.0022 824 825 1151 1250
Barcode 0.0022 723 1 1225 159
Barcode 0.0021 155 130 1011 491
Barcode 0.0021 776 610 1212 1192
Barcode 0.0021 866 781 1374 1289
Barcode 0.0018 616 1222 687 1267
Barcode 0.0017 917 1600 1024 1633
Barcode 0.0017 588 1211 668 1274
Barcode 0.0016 148 1219 1067 2142
Barcode 0.0016 -34 278 429 690
Barcode 0.0015 463 1083 543 1193
Barcode 0.0014 684 99 1155 343
Barcode 0.0014 129 851 472 1231
Barcode 0.0013 -4 392 423 862
Barcode 0.0013 110 1023 495 1356
Barcode 0.0012 479 269 1176 995
Barcode 0.0012 574 1216 635 1275
Barcode 0.0012 -455 516 11 1011
Barcode 0.0011 112 1293 282 1380
Barcode 0.0011 1085 2 1172 31
Color Chart 0.6970 628 88 955 312
Color Chart 0.0071 -439 -146 77 572
Color Chart 0.0070 -839 -297 457 981
Color Chart 0.0067 -773 827 363 2006
Color Chart 0.0066 -439 930 258 1674
Color Chart 0.0060 -409 8 231 971
Color Chart 0.0059 333 -576 2011 2008
Color Chart 0.0055 -575 -61 685 2042
Color Chart 0.0053 850 673 1729 1889
Color Chart 0.0050 733 136 890 248
Color Chart 0.0046 -785 -574 977 1480
Color Chart 0.0046 -320 276 388 1517
Color Chart 0.0041 761 -494 1857 952
Color Chart 0.0035 585 6 1112 544
Color Chart 0.0035 -332 -473 776 1112
Color Chart 0.0032 768 26 1503 1485
Color Chart 0.0032 -536 521 146 1521
Color Chart 0.0030 146 49 1028 365
Color Chart 0.0028 769 1656 1176 1767
Color Chart 0.0028 33 -100 1152 750
Color Chart 0.0026 24 1655 429 1769
Color Chart 0.0026 923 1082 1661 2259
Color Chart 0.0021 574 1223 680 1263
Color Chart 0.0016 693 112 848 165
Color Chart 0.0015 873 64 1994 1924
Color Chart 0.0014 -27 149 740 1808
Color Chart 0.0013 668 70 1050 394
Color Chart 0.0013 745 95 959 264
Color Chart 0.0013 676 108 923 177
Color Chart 0.0012 830 110 948 262
Color Chart 0.0011 636 1652 1042 1771
Color Chart 0.0011 857 136 933 232
Color Chart 0.0011 164 1656 558 1768
Color Chart 0.0010 703 1620 1108 1749
Color Chart 0.0010 -33 -454 1000 560
Scale 0.7890 963 139 1072 698
Scale 0.0736 639 92 971 345
Scale 0.0073 472 -9 1001 447
Scale 0.0067 1087 -59 1527 733
Scale 0.0065 907 129 1120 674
Scale 0.0055 -340 -165 442 563
Scale 0.0051 581 -191 1076 510
Scale 0.0047 1166 1056 1603 1775
Scale 0.0032 678 51 954 238
Scale 0.0027 -125 14 510 651
Scale 0.0025 1023 645 1174 1057
Scale 0.0023 633 52 1364 1421
Scale 0.0017 996 234 1059 612
Scale 0.0016 708 128 1073 761
Scale 0.0015 1026 400 1178 763
Scale 0.0015 1010 476 1179 949
Scale 0.0014 1087 248 1342 630
Scale 0.0014 1033 221 1241 650
Scale 0.0011 1084 383 1345 768
Scale 0.0010 1073 513 1361 908
Scale 0.0010 1057 681 1380 1145
Specimen 0.8353 104 97 1021 1422
Specimen 0.0215 153 375 912 1021
Specimen 0.0068 193 1266 861 1636
Specimen 0.0053 -288 0 -9 139
Specimen 0.0042 512 1611 1142 1804
Specimen 0.0042 -257 21 -27 339
Specimen 0.0039 105 956 1130 1631
Specimen 0.0037 446 189 1233 1543
Specimen 0.0036 561 393 1091 1373
Specimen 0.0033 54 1207 1165 1769
Specimen 0.0033 -215 40 41 441
Specimen 0.0032 601 619 1013 1208
Specimen 0.0031 -179 50 4 310
Specimen 0.0029 248 539 984 1541
Specimen 0.0029 445 8 1088 546
Specimen 0.0028 405 308 703 1093
Specimen 0.0027 -431 421 -14 1259
Specimen 0.0026 50 1618 627 1799
Specimen 0.0025 -257 486 82 1075
Specimen 0.0023 -237 133 -26 501
Specimen 0.0023 72 74 565 553
Specimen 0.0023 1182 400 1499 1016
Specimen 0.0023 -397 1119 -28 1649
Specimen 0.0023 1136 278 1452 739
Specimen 0.0022 1184 32 1421 477
Specimen 0.0021 -427 647 -119 1180
Specimen 0.0021 76 157 819 807
Specimen 0.0021 -226 231 53 649
Specimen 0.0020 -355 1300 -67 1735
Specimen 0.0020 -418 230 262 1571
Specimen 0.0019 424 214 951 1075
Specimen 0.0018 -225 -37 65 240
Specimen 0.0018 1221 1688 1486 1766
Specimen 0.0018 407 1419 579 1589
Specimen 0.0018 -414 915 -32 1454
Specimen 0.0018 -658 -224 510 1947
Specimen 0.0017 72 1175 620 1653
Specimen 0.0016 1228 -9 1466 143
Specimen 0.0016 -238 355 60 799
Specimen 0.0016 22 140 624 1547
Specimen 0.0016 250 1361 671 1576
Specimen 0.0015 1129 385 1311 648
Specimen 0.0015 730 806 1014 1284
Specimen 0.0015 -310 1573 -91 1780
Specimen 0.0015 214 -94 1215 1019
Specimen 0.0015 -256 735 78 1231
Specimen 0.0015 1113 1153 1469 1619
Specimen 0.0015 1040 568 1225 994
Specimen 0.0015 341 80 1084 830
Specimen 0.0014 -320 1677 -52 1776
Specimen 0.0014 1288 172 1524 717
Specimen 0.0014 -197 -20 37 133
Specimen 0.0014 117 94 469 422
Specimen 0.0014 874 1660 1148 1765
Specimen 0.0014 -291 1255 2 1654
Specimen 0.0014 -395 396 -54 880
Specimen 0.0014 -368 14 -31 454
Specimen 0.0014 -405 166 -26 695
Specimen 0.0014 74 277 491 1276
Specimen 0.0014 212 1073 864 1552
Specimen 0.0013 1037 372 1234 776
Specimen 0.0013 1291 960 1521 1416
Specimen 0.0013 314 1603 919 1811
Specimen 0.0012 -282 1414 -3 1774
Specimen 0.0012 1263 542 1546 1156
Specimen 0.0012 1289 1136 1531 1643
Specimen 0.0012 1123 514 1317 789
Specimen 0.0012 848 962 1035 1297
Specimen 0.0012 -353 1386 -190 1791
Specimen 0.0011 -249 1040 70 1471
Specimen 0.0011 926 1079 1019 1265
Specimen 0.0011 1140 90 1308 410
Specimen 0.0011 1060 608 1378 1082
Specimen 0.0011 -44 1608 346 1820
Specimen 0.0011 -142 329 118 684
Specimen 0.0011 1182 -6 1413 230
Specimen 0.0011 832 1620 1194 1799
Specimen 0.0011 1144 -3 1310 218
Specimen 0.0011 1129 240 1316 522
Specimen 0.0011 -196 645 60 917
Specimen 0.0010 -157 156 133 583
Specimen 0.0010 643 913 989 1435
Specimen 0.0010 -241 1178 -17 1469
Specimen 0.0010 355 727 1046 1316
Specimen 0.0010 144 677 827 1351
Specimen 0.0010 -328 1010 -90 1357
Specimen 0.0010 -333 33 -187 330
Specimen 0.0010 -161 509 128 921
