Label 0.9006 402 1102 683 1358
Label 0.8406 106 1398 574 1633
Label 0.8342 754 1405 1139 1636
Label 0.1577 746 929 846 1025
Label 0.1390 146 44 671 138
Label 0.0557 -4 1573 90 1636
Label 0.0546 993 1485 1151 1615
Label 0.0446 756 987 860 1050
Label 0.0351 611 617 978 881
Label 0.0336 708 1378 891 1488
Label 0.0286 9 11 93 65
Label 0.0280 726 927 868 1071
Label 0.0215 968 1501 1115 1592
Label 0.0156 1038 1513 1141 1626
Label 0.0142 942 1456 1130 1632
Label 0.0123 18 224 91 325
Label 0.0090 397 1233 673 1350
Label 0.0083 680 1333 929 1516
Label 0.0080 89 1631 1067 1769
Label 0.0079 194 -15 735 160
Label 0.0078 207 1430 465 1569
Label 0.0078 242 1238 334 1291
Label 0.0064 1029 938 1559 1644
Label 0.0064 -4 870 176 1513
Label 0.0057 715 1343 1181 1734
Label 0.0053 1129 1233 1472 1654
Label 0.0053 1034 595 1568 1439
Label 0.0051 1128 1577 1465 1773
Label 0.0051 1047 1443 1168 1624
Label 0.0047 22 1265 98 1624
Label 0.0043 34 1501 89 1609
Label 0.0043 6 1040 100 1618
Label 0.0042 256 289 450 540
Label 0.0040 315 6 942 152
Label 0.0040 650 102 959 338
Label 0.0039 469 1163 631 1315
Label 0.0039 1078 1471 1499 1859
Label 0.0038 83 1153 319 1392
Label 0.0038 135 1380 1025 1765
Label 0.0035 440 213 1543 1768
Label 0.0034 858 1396 1183 1568
Label 0.0034 1152 1397 1459 1744
Label 0.0033 19 1448 81 1639
Label 0.0033 135 975 447 1338
Label 0.0032 366 959 743 1432
Label 0.0031 909 1298 1246 1670
Label 0.0031 -112 1640 467 1772
Label 0.0030 621 401 1330 1597
Label 0.0030 558 1 1087 168
Label 0.0030 143 1216 380 1394
Label 0.0029 1186 1253 1583 1853
Label 0.0029 -452 789 46 1522
Label 0.0029 1039 1572 1150 1639
Label 0.0028 99 518 174 573
Label 0.0028 650 1271 933 1620
Label 0.0028 545 1626 1169 1765
Label 0.0027 30 1084 235 1444
Label 0.0025 907 1553 1283 1719
Label 0.0025 878 936 946 1015
Label 0.0025 775 927 925 1058
Label 0.0025 -43 561 119 1519
Label 0.0024 1072 138 1546 1100
Label 0.0024 255 1505 1174 1854
Label 0.0023 175 -30 710 305
Label 0.0023 -300 1225 46 1644
Label 0.0023 683 -218 1275 370
Label 0.0020 -349 118 143 1104
Label 0.0020 -148 815 64 1548
Label 0.0020 1160 1679 1465 1766
Label 0.0019 443 1121 928 1386
Label 0.0019 -143 1489 530 1903
Label 0.0019 -498 -408 342 1093
Label 0.0019 -2 1145 1202 1921
Label 0.0019 139 1200 1009 1639
Label 0.0018 -341 1449 136 1907
Label 0.0018 6 1477 905 1903
Label 0.0018 961 1361 1175 1618
Label 0.0018 896 920 976 1026
Label 0.0018 824 1409 1072 1480
Label 0.0018 -43 1470 180 1701
Label 0.0017 48 1259 358 1560
Label 0.0017 733 1446 894 1534
Label 0.0017 26 -3 275 117
Label 0.0017 87 -281 704 426
Label 0.0017 489 545 612 700
Label 0.0017 106 1397 307 1630
Label 0.0017 51 1660 646 1767
Label 0.0017 -249 890 -41 1241
Label 0.0017 473 1412 1010 1685
Label 0.0017 749 1565 1226 1775
Label 0.0016 150 32 495 446
Label 0.0016 694 1416 959 1626
Label 0.0016 8 78 91 353
Label 0.0016 871 904 978 1065
Label 0.0016 37 217 110 304
Label 0.0015 411 1265 532 1345
Label 0.0015 -255 973 -38 1427
Label 0.0015 -248 746 -44 1110
Label 0.0015 865 959 953 1034
Label 0.0014 -36 1208 159 1652
Label 0.0014 -300 820 -106 1176
Label 0.0014 -162 1109 595 2263
Label 0.0014 700 132 965 242
Label 0.0014 825 962 905 1042
Label 0.0014 -17 1574 40 1629
Label 0.0013 165 1624 781 1735
Label 0.0013 1038 1478 1189 1696
Label 0.0013 19 1251 102 1391
Label 0.0013 -32 1534 110 1697
Label 0.0013 -142 -453 520 829
Label 0.0013 -269 1575 -20 1778
Label 0.0013 -274 1680 13 1773
Label 0.0012 -65 574 465 1747
Label 0.0012 1170 1151 1412 1520
Label 0.0012 -34 -69 358 482
Label 0.0012 1317 780 1512 1066
Label 0.0012 79 1077 490 1450
Label 0.0012 584 1532 1053 1816
Label 0.0012 809 1423 1415 1894
Label 0.0012 933 990 1664 2099
Label 0.0012 -305 955 -103 1314
Label 0.0012 -243 616 -47 968
Label 0.0012 923 3 1114 200
Label 0.0012 209 114 617 365
Label 0.0011 679 819 855 1095
Label 0.0011 52 1499 104 1597
Label 0.0011 -248 1468 -43 1748
Label 0.0011 72 1611 341 1752
Label 0.0011 879 1468 1039 1577
Label 0.0011 1323 918 1507 1200
Label 0.0011 829 934 909 1014
Label 0.0011 237 1223 311 1273
Label 0.0011 -44 -24 103 136
Label 0.0011 331 1249 528 1382
Label 0.0011 1237 812 1464 1178
Label 0.0011 -271 889 95 1639
Label 0.0011 -241 486 -45 825
Label 0.0011 153 823 493 985
Label 0.0011 -300 1167 -123 1505
Label 0.0011 1017 -12 1170 223
Label 0.0011 -5 665 123 872
Label 0.0011 1162 933 1303 1165
Label 0.0011 -297 691 -119 1034
Label 0.0011 25 1624 537 1736
Label 0.0011 792 1655 1109 1773
Label 0.0010 1331 1051 1499 1340
Label 0.0010 -8 1493 89 1619
Label 0.0010 1019 1462 1144 1576
Label 0.0010 -2 1596 82 1659
Label 0.0010 -315 -150 99 590
Label 0.0010 -8 3 168 85
Label 0.0010 -314 523 110 1514
Label 0.0010 204 135 386 355
Label 0.0010 594 1434 750 1634
Label 0.0010 286 332 415 512
Label 0.0010 182 93 602 168
Label 0.0010 1158 1073 1307 1297
Label 0.0010 702 1607 943 1747
Label 0.0010 767 1468 926 1616
Label 0.0010 1149 1728 1473 1770
Label 0.0010 1194 148 1428 456
Label 0.0010 -295 562 -128 890
Label 0.0010 1210 433 1427 717
Label 0.0010 967 1000 1048 1065
Label 0.0010 1261 704 1475 982
Barcode 0.8082 687 1387 892 1467
Barcode 0.4241 751 941 851 1037
Barcode 0.3840 290 128 369 176
Barcode 0.2755 -2 1581 92 1629
Barcode 0.1302 745 933 852 979
Barcode 0.0630 175 40 639 126
Barcode 0.0552 575 48 670 121
Barcode 0.0506 248 125 405 166
Barcode 0.0387 747 986 859 1040
Barcode 0.0267 400 19 874 126
Barcode 0.0250 -5 6 91 72
Barcode 0.0211 265 141 376 194
Barcode 0.0178 244 123 398 202
Barcode 0.0094 552 26 737 128
Barcode 0.0078 542 281 635 319
Barcode 0.0075 263 49 514 104
Barcode 0.0071 1 1596 99 1660
Barcode 0.0053 1096 1116 1500 1503
Barcode 0.0053 1119 55 1484 376
Barcode 0.0050 1115 0 1490 182
Barcode 0.0047 1077 994 1520 1347
Barcode 0.0047 714 906 834 1011
Barcode 0.0046 1071 845 1526 1209
Barcode 0.0045 248 1232 331 1272
Barcode 0.0044 1102 149 1501 557
Barcode 0.0042 764 -18 1167 161
Barcode 0.0039 904 -53 1375 195
Barcode 0.0038 105 519 157 562
Barcode 0.0037 1014 -318 1576 493
Barcode 0.0036 1184 1203 1581 1687
Barcode 0.0035 1060 69 1544 916
Barcode 0.0033 1209 1386 1554 1763
Barcode 0.0032 518 276 628 344
Barcode 0.0032 -360 1606 -71 1812
Barcode 0.0031 1102 300 1512 725
Barcode 0.0031 932 620 1273 1171
Barcode 0.0030 1135 819 1671 1768
Barcode 0.0030 -392 922 -11 1410
Barcode 0.0029 360 51 722 124
Barcode 0.0029 -401 46 -12 388
Barcode 0.0029 731 855 1165 1226
Barcode 0.0028 909 -18 1347 447
Barcode 0.0028 1214 404 1563 888
Barcode 0.0028 1182 21 1625 1219
Barcode 0.0028 601 48 698 110
Barcode 0.0028 -281 1596 59 1794
Barcode 0.0028 -297 12 78 168
Barcode 0.0027 1084 687 1522 1105
Barcode 0.0027 -367 1401 -54 1753
Barcode 0.0027 1206 1589 1548 1796
Barcode 0.0027 95 496 159 587
Barcode 0.0027 888 118 950 179
Barcode 0.0026 -431 134 7 579
Barcode 0.0026 829 827 1422 1250
Barcode 0.0025 -396 -5 -9 195
Barcode 0.0025 -385 1227 -43 1640
Barcode 0.0025 856 1071 1402 1550
Barcode 0.0025 -443 -100 26 799
Barcode 0.0024 37 2 327 132
Barcode 0.0023 -437 1442 22 1932
Barcode 0.0022 437 -697 1591 797
Barcode 0.0022 12 1575 122 1641
Barcode 0.0021 -464 1105 41 1743
Barcode 0.0021 -20 -12 134 211
Barcode 0.0020 -136 1616 245 1776
Barcode 0.0020 -328 328 103 923
Barcode 0.0019 -449 582 40 1450
Barcode 0.0019 -471 -346 66 510
Barcode 0.0018 114 1198 1095 2164
Barcode 0.0018 18 33 251 362
Barcode 0.0018 -408 673 -8 1130
Barcode 0.0017 -212 50 94 684
Barcode 0.0016 6 50 94 143
Barcode 0.0015 857 100 999 216
Barcode 0.0015 -454 -317 315 1245
Barcode 0.0013 864 132 941 206
Barcode 0.0013 705 1367 1013 1494
Barcode 0.0013 -190 -9 43 94
Barcode 0.0012 111 499 183 577
Barcode 0.0010 -284 716 56 1370
Color Chart 0.2980 8 57 87 240
Color Chart 0.1971 172 36 707 134
Color Chart 0.0353 249 48 978 119
Color Chart 0.0152 14 277 85 590
Color Chart 0.0096 0 3 83 50
Color Chart 0.0089 533 45 750 121
Color Chart 0.0080 884 126 951 168
Color Chart 0.0072 16 320 99 479
Color Chart 0.0059 132 11 598 197
Color Chart 0.0051 829 116 972 169
Color Chart 0.0048 444 -897 1906 998
Color Chart 0.0041 840 800 1760 2047
Color Chart 0.0038 485 -159 1834 1857
Color Chart 0.0038 695 568 2188 2277
Color Chart 0.0033 121 40 484 147
Color Chart 0.0031 -926 -535 540 1220
Color Chart 0.0029 380 17 709 121
Color Chart 0.0029 -749 412 361 1884
Color Chart 0.0026 804 447 1475 1571
Color Chart 0.0022 -691 907 302 2458
Color Chart 0.0021 889 814 944 908
Color Chart 0.0020 13 565 84 752
Color Chart 0.0017 186 72 737 158
Color Chart 0.0017 733 1656 1145 1768
Color Chart 0.0016 -17 40 116 358
Color Chart 0.0016 31 79 109 218
Color Chart 0.0016 645 -509 2235 1455
Color Chart 0.0016 608 971 763 1114
Color Chart 0.0014 -199 -10 337 2017
Color Chart 0.0013 552 45 913 146
Color Chart 0.0013 876 775 953 883
Color Chart 0.0012 329 58 487 93
Color Chart 0.0011 -196 -19 33 114
Color Chart 0.0011 -317 1015 490 2350
Color Chart 0.0010 29 1661 422 1769
Color Chart 0.0010 400 65 546 97
Color Chart 0.0010 -167 9 19 187
Scale 0.5756 15 263 92 799
Scale 0.1883 -12 773 54 1576
Scale 0.1560 11 60 96 252
Scale 0.0755 0 878 90 1635
Scale 0.0353 161 33 706 139
Scale 0.0237 -3 23 85 742
Scale 0.0221 0 82 86 345
Scale 0.0160 251 203 450 561
Scale 0.0106 1 1215 59 1621
Scale 0.0104 -148 776 86 1605
Scale 0.0099 2 865 43 1295
Scale 0.0088 23 157 84 409
Scale 0.0064 27 1284 85 1619
Scale 0.0054 1045 -71 1552 751
Scale 0.0042 -21 774 42 1241
Scale 0.0037 1151 1007 1636 1836
Scale 0.0033 194 98 461 358
Scale 0.0032 -82 408 106 1427
Scale 0.0031 24 316 99 632
Scale 0.0030 859 167 1379 1559
Scale 0.0030 -110 926 54 1466
Scale 0.0029 -29 331 116 1065
Scale 0.0027 -149 102 31 655
Scale 0.0027 17 488 79 902
Scale 0.0024 850 -241 1422 662
Scale 0.0023 41 227 164 815
Scale 0.0021 -6 541 65 980
Scale 0.0020 -17 1223 24 1603
Scale 0.0020 5 812 80 1291
Scale 0.0020 1 596 95 1080
Scale 0.0019 220 192 406 443
Scale 0.0017 -293 891 12 1467
Scale 0.0016 -346 820 -54 1275
Scale 0.0015 -48 5 143 757
Scale 0.0015 -12 864 26 1289
Scale 0.0014 -53 833 144 1632
Scale 0.0014 1124 1092 1455 1542
Scale 0.0013 -17 47 31 314
Scale 0.0013 -40 580 52 1096
Scale 0.0012 -238 35 102 923
Scale 0.0011 -231 604 90 1351
Scale 0.0011 -343 616 -64 1071
Scale 0.0011 1147 82 1443 521
Scale 0.0010 -6 565 112 844
Scale 0.0010 96 22 475 130
Scale 0.0010 -65 168 203 985
Scale 0.0010 -348 1097 -65 1532
Scale 0.0010 -369 753 -174 1200
Scale 0.0010 -19 1257 91 1650
Scale 0.0010 147 40 935 251
Scale 0.0010 -249 1012 -19 1362
Specimen 0.7942 107 122 540 1369
Specimen 0.4222 526 940 835 1152
Specimen 0.4175 400 2 1172 1219
Specimen 0.2912 786 1171 900 1347
Specimen 0.2543 598 603 957 883
Specimen 0.2089 479 341 607 715
Specimen 0.1380 873 48 1119 1149
Specimen 0.1375 445 397 1049 1092
Specimen 0.1341 56 101 1058 1399
Specimen 0.0919 471 263 704 749
Specimen 0.0786 407 185 743 925
Specimen 0.0674 71 28 1065 137
Specimen 0.0549 309 117 882 1065
Specimen 0.0392 127 2 1104 281
Specimen 0.0360 661 705 934 1054
Specimen 0.0283 215 0 995 690
Specimen 0.0215 534 900 910 1304
Specimen 0.0197 600 63 944 419
Specimen 0.0182 409 327 634 782
Specimen 0.0179 422 126 803 626
Specimen 0.0176 478 6 1052 196
Specimen 0.0173 198 209 444 671
Specimen 0.0156 123 466 498 1103
Specimen 0.0099 369 720 1041 1331
Specimen 0.0092 777 1186 996 1352
Specimen 0.0090 536 13 983 565
Specimen 0.0086 729 1051 944 1361
Specimen 0.0085 136 -172 1054 372
Specimen 0.0082 491 272 651 574
Specimen 0.0079 954 282 1143 1032
Specimen 0.0067 878 120 1120 592
Specimen 0.0064 498 258 1097 871
Specimen 0.0058 710 144 1213 1560
Specimen 0.0057 360 340 1256 1666
Specimen 0.0056 244 169 428 503
Specimen 0.0049 57 170 367 821
Specimen 0.0048 536 288 729 508
Specimen 0.0046 820 133 1087 404
Specimen 0.0045 78 539 853 1447
Specimen 0.0044 201 228 574 1057
Specimen 0.0043 899 -37 1245 710
Specimen 0.0041 58 622 398 1343
Specimen 0.0038 664 32 829 415
Specimen 0.0038 897 747 964 921
Specimen 0.0038 100 549 385 1016
Specimen 0.0038 856 106 939 171
Specimen 0.0038 475 437 578 606
Specimen 0.0037 624 1141 933 1342
Specimen 0.0036 529 202 848 915
Specimen 0.0035 -49 302 143 1247
Specimen 0.0035 794 599 1111 1168
Specimen 0.0035 307 365 612 1178
Specimen 0.0034 129 758 764 1302
Specimen 0.0033 336 276 452 563
Specimen 0.0032 -195 5 80 736
Specimen 0.0032 793 -86 1368 1313
Specimen 0.0026 635 -421 1668 1109
Specimen 0.0026 151 980 444 1294
Specimen 0.0025 -10 510 504 1474
Specimen 0.0025 158 558 758 1115
Specimen 0.0024 278 257 491 619
Specimen 0.0024 763 1035 1100 1365
Specimen 0.0023 -13 63 464 914
Specimen 0.0023 880 796 947 926
Specimen 0.0022 306 868 1175 1918
Specimen 0.0022 383 328 458 569
Specimen 0.0022 708 88 1077 518
Specimen 0.0021 658 967 953 1297
Specimen 0.0020 1224 456 1473 1098
Specimen 0.0020 893 163 1039 412
Specimen 0.0020 1235 -17 1471 147
Specimen 0.0020 47 79 285 652
Specimen 0.0020 811 248 1121 877
Specimen 0.0019 93 714 289 828
Specimen 0.0019 822 1222 900 1366
Specimen 0.0018 1295 430 1526 989
Specimen 0.0018 505 772 1156 1581
Specimen 0.0018 874 123 935 180
Specimen 0.0018 220 46 730 566
Specimen 0.0018 -5 278 298 1136
Specimen 0.0017 731 79 1021 263
Specimen 0.0017 -240 405 103 1280
Specimen 0.0017 1294 646 1529 1178
Specimen 0.0017 597 580 1125 966
Specimen 0.0017 -293 640 11 1181
Specimen 0.0016 656 -51 1119 789
Specimen 0.0016 -97 189 186 1540
Specimen 0.0016 616 1154 890 1502
Specimen 0.0016 -296 956 19 1534
Specimen 0.0016 273 795 451 991
Specimen 0.0015 1227 310 1466 843
Specimen 0.0015 -280 -7 -19 126
Specimen 0.0015 1299 259 1522 759
Specimen 0.0015 341 139 626 615
Specimen 0.0015 1128 1145 1455 1623
Specimen 0.0015 118 304 455 867
Specimen 0.0015 416 397 666 1121
Specimen 0.0015 487 -245 1180 421
Specimen 0.0014 -164 172 56 592
Specimen 0.0014 922 207 1071 489
Specimen 0.0014 1247 546 1461 903
Specimen 0.0014 1227 1673 1474 1778
Specimen 0.0014 -292 161 15 710
Specimen 0.0014 214 473 857 928
Specimen 0.0014 615 -222 1367 677
Specimen 0.0014 -204 -199 327 1703
Specimen 0.0014 -270 1672 -14 1784
Specimen 0.0014 531 1597 1117 1834
Specimen 0.0014 1349 434 1494 708
Specimen 0.0013 1181 60 1409 447
Specimen 0.0013 2 -5 213 754
Specimen 0.0013 64 1597 614 1830
Specimen 0.0013 1239 741 1463 1110
Specimen 0.0013 37 88 168 662
Specimen 0.0013 777 118 985 184
Specimen 0.0013 297 446 677 838
Specimen 0.0013 1124 623 1455 1201
Specimen 0.0013 162 517 420 741
Specimen 0.0013 1351 564 1494 846
Specimen 0.0012 724 1129 899 1322
Specimen 0.0012 1315 641 1515 933
Specimen 0.0012 1177 407 1417 780
Specimen 0.0012 1132 170 1445 707
Specimen 0.0012 1300 887 1520 1346
Specimen 0.0012 628 969 787 1112
Specimen 0.0011 573 313 693 473
Specimen 0.0011 -281 473 0 942
Specimen 0.0011 -255 29 -42 338
Specimen 0.0011 243 837 408 1021
Specimen 0.0011 113 214 305 683
Specimen 0.0011 -250 321 -39 721
Specimen 0.0011 999 73 1153 565
Specimen 0.0011 196 818 583 1413
Specimen 0.0011 894 -45 1135 243
Specimen 0.0011 709 408 1052 1253
Specimen 0.0011 549 608 1378 1934
Specimen 0.0010 1182 -14 1406 245
Specimen 0.0010 1177 813 1412 1181
Specimen 0.0010 679 47 1086 188
Specimen 0.0010 836 130 969 204
Specimen 0.0010 1185 665 1409 1051
Specimen 0.0010 1307 1100 1519 1540
Specimen 0.0010 987 385 1281 1029
Specimen 0.0010 1124 958 1446 1413
Specimen 0.0010 -247 203 -44 569
Specimen 0.0010 1139 26 1308 335
Specimen 0.0010 488 297 595 489
Specimen 0.0010 985 -62 1194 264
Specimen 0.0010 1233 5 1464 365
