Label 0.8568 14 1385 459 1752
Label 0.8255 753 1311 1115 1470
Label 0.8227 716 295 1064 613
Label 0.8079 696 1470 1113 1749
Label 0.0735 679 1513 943 1657
Label 0.0644 808 1335 1072 1444
Label 0.0188 755 1262 1159 1563
Label 0.0155 1064 927 1539 1655
Label 0.0147 120 1412 381 1677
Label 0.0106 1136 1082 1476 1535
Label 0.0091 1159 1547 1463 1758
Label 0.0080 1015 381 1594 1408
Label 0.0064 1142 1344 1459 1777
Label 0.0059 -391 1073 166 1770
Label 0.0054 72 -23 1093 146
Label 0.0044 798 1507 1050 1698
Label 0.0043 39 1378 427 1592
Label 0.0037 96 1374 715 1757
Label 0.0037 658 1545 903 1719
Label 0.0035 326 1353 834 1790
Label 0.0035 -41 -1 165 138
Label 0.0034 -215 1579 297 1844
Label 0.0031 1161 1677 1464 1765
Label 0.0030 -148 395 20 604
Label 0.0030 858 1267 1348 1631
Label 0.0030 868 1125 1373 1527
Label 0.0029 16 -116 1121 257
Label 0.0026 -437 780 579 2028
Label 0.0026 790 1021 1143 1629
Label 0.0024 1188 1501 1551 1833
Label 0.0024 -12 1071 927 1772
Label 0.0024 -150 468 21 676
Label 0.0023 713 1667 1075 1769
Label 0.0023 -142 1377 253 1746
Label 0.0022 860 1405 1352 1760
Label 0.0022 706 1176 1064 1648
Label 0.0022 -211 388 -27 614
Label 0.0022 687 640 1595 1896
Label 0.0022 -248 -108 321 519
Label 0.0022 749 520 1200 1255
Label 0.0021 1358 443 1495 699
Label 0.0021 -272 1391 395 1945
Label 0.0021 372 1263 1078 1659
Label 0.0021 -10 16 221 71
Label 0.0021 -154 539 21 748
Label 0.0020 1360 575 1495 838
Label 0.0020 -46 -27 687 698
Label 0.0020 106 -1 1036 341
Label 0.0020 -157 680 21 886
Label 0.0020 -156 612 20 817
Label 0.0019 1162 325 1306 544
Label 0.0018 738 406 1168 755
Label 0.0018 1361 713 1494 973
Label 0.0018 1162 456 1311 688
Label 0.0018 107 -5 839 69
Label 0.0017 1161 180 1304 410
Label 0.0017 1196 68 1437 386
Label 0.0017 -157 816 19 1023
Label 0.0017 -213 949 -25 1166
Label 0.0016 874 1562 1333 1808
Label 0.0016 1017 1417 1110 1467
Label 0.0016 958 1740 1135 1769
Label 0.0016 -161 241 26 481
Label 0.0016 439 1409 675 1753
Label 0.0016 1161 591 1312 828
Label 0.0016 1164 804 1309 1026
Label 0.0015 1323 668 1515 907
Label 0.0015 1362 846 1494 1111
Label 0.0015 1030 1028 1801 2065
Label 0.0015 1150 1489 1319 1721
Label 0.0015 1195 1120 1430 1394
Label 0.0015 1190 1232 1429 1555
Label 0.0015 -153 1015 18 1228
Label 0.0015 335 1173 1192 1893
Label 0.0015 1323 535 1515 768
Label 0.0014 555 -23 1149 175
Label 0.0014 1160 937 1308 1162
Label 0.0014 614 -220 1368 359
Label 0.0014 1159 1431 1303 1648
Label 0.0014 1323 800 1514 1047
Label 0.0014 -267 1582 -19 1774
Label 0.0014 -215 1078 -24 1304
Label 0.0014 1208 443 1429 704
Label 0.0014 1357 1042 1492 1319
Label 0.0014 769 1129 1491 1949
Label 0.0013 412 -5 1090 76
Label 0.0013 1353 302 1496 565
Label 0.0013 -267 1288 -27 1654
Label 0.0013 -151 1145 15 1362
Label 0.0013 672 218 1266 904
Label 0.0013 1202 309 1432 568
Label 0.0013 874 1352 1038 1434
Label 0.0013 525 0 1499 1156
Label 0.0013 -266 1676 -17 1785
Label 0.0013 1156 1131 1298 1375
Label 0.0013 1209 579 1430 842
Label 0.0012 1323 934 1514 1184
Label 0.0012 1141 1259 1291 1539
Label 0.0012 -124 744 488 1534
Label 0.0011 1205 856 1431 1108
Label 0.0011 1208 724 1433 970
Label 0.0011 -250 1465 -34 1750
Label 0.0011 575 1474 977 1822
Label 0.0011 1155 -9 1320 102
Label 0.0011 1330 1682 1515 1780
Label 0.0010 1147 1729 1474 1769
Label 0.0010 -309 356 -75 639
Label 0.0010 -317 1349 -109 1724
Label 0.0010 -116 -87 251 246
Label 0.0010 1317 1107 1509 1420
Label 0.0010 93 1658 433 1767
Label 0.0010 1202 989 1430 1252
Label 0.0010 -153 1268 14 1506
Label 0.0010 1102 1671 1365 1787
Label 0.0010 1116 1346 1322 1712
Label 0.0010 -325 1163 -62 1482
Label 0.0010 932 8 1125 200
Label 0.0010 51 1731 405 1763
Label 0.0010 64 1616 444 1737
Barcode 0.8608 698 1545 925 1637
Barcode 0.7040 10 12 112 77
Barcode 0.1718 668 1475 1067 1741
Barcode 0.0118 1032 1427 1106 1467
Barcode 0.0085 1105 146 1482 549
Barcode 0.0085 1087 963 1502 1370
Barcode 0.0078 1065 838 1516 1208
Barcode 0.0076 1138 51 1460 377
Barcode 0.0076 1061 689 1520 1088
Barcode 0.0076 1036 73 1565 901
Barcode 0.0073 1078 327 1510 664
Barcode 0.0070 1066 451 1519 806
Barcode 0.0066 -394 250 228 1521
Barcode 0.0064 1066 567 1516 945
Barcode 0.0063 1133 7 1464 169
Barcode 0.0060 -301 1196 78 1661
Barcode 0.0056 -295 683 103 1091
Barcode 0.0055 -395 854 190 1725
Barcode 0.0053 -275 427 99 820
Barcode 0.0052 -465 1064 23 1554
Barcode 0.0051 -295 848 110 1200
Barcode 0.0047 -335 -15 147 985
Barcode 0.0046 -289 321 112 675
Barcode 0.0046 -402 49 22 382
Barcode 0.0046 -288 19 44 157
Barcode 0.0046 -489 121 64 590
Barcode 0.0045 0 9 238 110
Barcode 0.0045 -306 1371 94 1766
Barcode 0.0039 -494 408 54 855
Barcode 0.0039 1131 263 1686 1519
Barcode 0.0038 1212 1062 1546 1572
Barcode 0.0037 1049 -220 1553 404
Barcode 0.0036 -305 984 120 1342
Barcode 0.0034 -289 -149 71 612
Barcode 0.0033 888 143 1368 572
Barcode 0.0033 916 -7 1347 410
Barcode 0.0032 -495 832 52 1246
Barcode 0.0031 -458 1235 26 1858
Barcode 0.0031 -243 753 297 1304
Barcode 0.0031 855 640 1423 1156
Barcode 0.0029 931 -52 1348 196
Barcode 0.0029 -292 1592 84 1807
Barcode 0.0028 -218 122 266 581
Barcode 0.0027 -376 1606 -71 1822
Barcode 0.0027 -207 1219 288 1690
Barcode 0.0027 -44 -8 680 133
Barcode 0.0027 -173 13 221 392
Barcode 0.0027 895 420 1394 824
Barcode 0.0026 820 696 1117 1115
Barcode 0.0025 57 887 837 1451
Barcode 0.0025 -213 353 224 924
Barcode 0.0025 -620 -332 756 1516
Barcode 0.0023 -88 12 438 384
Barcode 0.0022 222 355 276 410
Barcode 0.0022 -463 -265 80 445
Barcode 0.0022 857 929 1405 1411
Barcode 0.0022 805 -298 1476 441
Barcode 0.0022 -49 145 414 561
Barcode 0.0020 -216 1042 266 1557
Barcode 0.0019 749 -52 1245 211
Barcode 0.0018 735 1537 893 1613
Barcode 0.0016 23 27 141 113
Barcode 0.0016 736 489 1226 1048
Barcode 0.0014 734 1493 970 1677
Barcode 0.0014 -46 969 394 1371
Barcode 0.0013 45 1151 591 1499
Barcode 0.0013 1002 1740 1130 1764
Barcode 0.0013 803 1565 959 1641
Barcode 0.0013 -86 22 153 118
Barcode 0.0011 49 26 179 64
Barcode 0.0011 29 16 850 362
Color Chart 0.0092 1004 575 1593 1473
Color Chart 0.0083 -815 797 403 2043
Color Chart 0.0072 -527 874 104 1698
Color Chart 0.0067 -875 -354 485 1051
Color Chart 0.0065 -482 -109 76 795
Color Chart 0.0060 842 637 1752 1938
Color Chart 0.0058 679 -388 1926 1066
Color Chart 0.0054 -941 -258 786 1957
Color Chart 0.0049 330 -173 1991 1880
Color Chart 0.0046 -517 172 109 1322
Color Chart 0.0040 -344 376 442 1647
Color Chart 0.0039 -178 488 1105 1777
Color Chart 0.0033 749 291 1547 1482
Color Chart 0.0032 787 -28 1482 704
Color Chart 0.0031 -218 -311 880 983
Color Chart 0.0024 -66 -267 1247 632
Color Chart 0.0022 81 1106 1113 2209
Color Chart 0.0022 -49 -20 142 168
Color Chart 0.0019 795 774 1484 1526
Color Chart 0.0017 450 -684 1617 791
Color Chart 0.0016 1146 184 1306 437
Color Chart 0.0016 -213 -11 73 100
Color Chart 0.0015 1138 332 1306 566
Color Chart 0.0013 1136 872 1307 1115
Color Chart 0.0013 -509 -766 378 912
Color Chart 0.0013 1196 1177 1428 1468
Color Chart 0.0012 -241 -502 387 639
Color Chart 0.0011 -51 -5 486 71
Color Chart 0.0011 1138 1135 1297 1394
Color Chart 0.0010 1022 1091 1804 2268
Color Chart 0.0010 1149 31 1303 332
Scale 0.0101 1050 -54 1544 728
Scale 0.0047 1172 1050 1568 1772
Scale 0.0034 -388 1263 179 1842
Scale 0.0033 1205 -128 1559 558
Scale 0.0025 -309 -70 383 741
Scale 0.0020 1147 29 1452 438
Scale 0.0017 -326 868 403 1699
Scale 0.0016 1098 113 1338 476
Scale 0.0016 648 102 1324 1373
Scale 0.0014 1127 213 1450 659
Scale 0.0014 42 0 646 66
Scale 0.0013 1087 709 1343 1116
Scale 0.0013 1097 501 1335 915
Scale 0.0013 1092 310 1337 697
Scale 0.0012 1085 849 1343 1246
Scale 0.0012 1100 1117 1330 1516
Scale 0.0010 1084 985 1340 1382
Scale 0.0010 1111 0 1339 330
Specimen 0.8758 64 239 460 1301
Specimen 0.8752 404 687 1081 1416
Specimen 0.8044 483 180 659 736
Specimen 0.0242 -44 -6 1210 1498
Specimen 0.0111 146 262 992 1265
Specimen 0.0100 520 285 641 658
Specimen 0.0073 360 156 796 770
Specimen 0.0065 130 147 636 1418
Specimen 0.0059 464 123 1197 1353
Specimen 0.0055 -548 61 675 1610
Specimen 0.0053 -286 185 421 1489
Specimen 0.0048 1202 1152 1536 1717
Specimen 0.0037 234 162 714 1020
Specimen 0.0034 14 407 316 1152
Specimen 0.0032 -196 -2 33 357
Specimen 0.0027 741 667 1144 1360
Specimen 0.0026 -164 298 321 1227
Specimen 0.0026 -261 359 -27 792
Specimen 0.0025 351 289 1049 913
Specimen 0.0025 87 148 502 879
Specimen 0.0024 -189 324 18 700
Specimen 0.0024 -198 104 33 514
Specimen 0.0024 -267 554 -25 1006
Specimen 0.0022 580 480 1386 1532
Specimen 0.0022 1306 474 1512 943
Specimen 0.0022 -197 443 24 854
Specimen 0.0020 -212 673 -30 893
Specimen 0.0020 103 732 799 1351
Specimen 0.0020 -173 361 23 546
Specimen 0.0020 -169 491 19 680
Specimen 0.0020 -198 643 23 1062
Specimen 0.0020 159 779 355 999
Specimen 0.0020 132 468 476 1105
Specimen 0.0019 58 306 392 704
Specimen 0.0019 -279 755 -15 1213
Specimen 0.0019 -385 1105 -27 1667
Specimen 0.0019 1224 -10 1467 146
Specimen 0.0018 1129 1070 1455 1567
Specimen 0.0018 1304 681 1516 1143
Specimen 0.0018 -172 558 19 752
Specimen 0.0018 -378 240 -40 765
Specimen 0.0018 476 1370 663 1718
Specimen 0.0017 1308 288 1511 726
Specimen 0.0017 -392 402 -28 1005
Specimen 0.0017 -171 626 15 824
Specimen 0.0017 1225 542 1469 1011
Specimen 0.0017 -239 797 -27 1064
Specimen 0.0016 -240 941 -27 1195
Specimen 0.0016 -172 762 17 959
Specimen 0.0016 -248 64 -25 443
Specimen 0.0016 -172 830 18 1027
Specimen 0.0016 1301 1055 1520 1583
Specimen 0.0015 -402 595 -20 1219
Specimen 0.0015 -205 852 27 1263
Specimen 0.0015 -179 270 28 497
Specimen 0.0015 1141 424 1433 854
Specimen 0.0015 -283 -5 -20 138
Specimen 0.0015 -299 27 -73 301
Specimen 0.0014 1305 888 1514 1345
Specimen 0.0014 -273 120 -8 625
Specimen 0.0014 -170 900 16 1094
Specimen 0.0014 1134 599 1313 843
Specimen 0.0014 1134 469 1311 704
Specimen 0.0014 -401 894 -21 1469
Specimen 0.0014 -170 970 15 1161
Specimen 0.0014 -266 1222 -23 1590
Specimen 0.0014 1146 -20 1312 123
Specimen 0.0014 -244 1072 -25 1333
Specimen 0.0014 1137 808 1307 1046
Specimen 0.0014 -307 1671 -80 1782
Specimen 0.0014 1222 749 1471 1211
Specimen 0.0013 -167 1036 12 1228
Specimen 0.0013 -190 -19 39 118
Specimen 0.0013 -167 1103 14 1294
Specimen 0.0013 -208 991 30 1394
Specimen 0.0013 1231 353 1462 795
Specimen 0.0012 139 689 483 1309
Specimen 0.0012 -334 1259 -86 1688
Specimen 0.0012 556 209 740 674
Specimen 0.0012 1175 -6 1431 377
Specimen 0.0012 -168 1163 15 1365
Specimen 0.0012 331 -14 1114 771
Specimen 0.0011 1120 888 1445 1347
Specimen 0.0011 -281 1308 -5 1733
Specimen 0.0011 -215 1115 41 1540
Specimen 0.0011 1224 948 1471 1424
Specimen 0.0011 1154 0 1298 226
Specimen 0.0011 -172 1224 17 1439
Specimen 0.0011 1172 1041 1410 1370
Specimen 0.0011 1136 1074 1300 1323
Specimen 0.0011 1167 300 1417 614
Specimen 0.0010 1173 637 1413 951
Specimen 0.0010 1344 1159 1491 1469
Specimen 0.0010 1173 841 1406 1154
Specimen 0.0010 1229 46 1475 465
Specimen 0.0010 -338 42 -164 295
Specimen 0.0010 -174 2 20 201
Specimen 0.0010 1296 136 1522 608
Specimen 0.0010 -298 1586 -83 1761
Specimen 0.0010 512 -17 978 362
Specimen 0.0010 53 -57 917 856
