Label 0.8446 93 13 520 321
Label 0.8143 12 1364 487 1760
Label 0.8052 657 1481 1094 1764
Label 0.7970 738 1179 1108 1339
Label 0.3487 670 1509 956 1691
Label 0.3026 330 304 832 751
Label 0.2409 664 1557 888 1646
Label 0.0325 799 1200 1062 1300
Label 0.0191 102 24 510 164
Label 0.0135 1158 1527 1460 1757
Label 0.0130 1109 1062 1486 1792
Label 0.0125 1071 -30 1532 686
Label 0.0124 174 45 434 289
Label 0.0113 129 1408 383 1681
Label 0.0077 1198 1414 1511 1746
Label 0.0076 1021 777 1575 1538
Label 0.0073 1041 191 1564 1044
Label 0.0063 26 1298 1100 1801
Label 0.0051 679 1646 989 1769
Label 0.0049 97 664 379 842
Label 0.0047 -451 830 581 1986
Label 0.0045 -339 1115 433 1761
Label 0.0043 797 1390 1433 1757
Label 0.0040 687 1228 1093 1633
Label 0.0040 123 1505 725 1811
Label 0.0038 -285 -349 686 983
Label 0.0038 -25 234 403 766
Label 0.0037 -20 60 86 305
Label 0.0037 85 -42 1036 388
Label 0.0036 771 1103 1437 1362
Label 0.0036 -241 1368 320 1774
Label 0.0036 28 479 374 772
Label 0.0035 26 349 351 670
Label 0.0034 174 -22 969 212
Label 0.0034 954 830 1640 1991
Label 0.0033 788 1180 1426 1683
Label 0.0033 1165 1680 1465 1761
Label 0.0033 -252 1570 331 1836
Label 0.0033 54 1359 401 1595
Label 0.0031 675 205 1341 1275
Label 0.0031 -43 -34 132 156
Label 0.0031 27 -256 1152 643
Label 0.0031 -396 1245 202 1867
Label 0.0030 688 990 1567 1817
Label 0.0029 122 85 782 670
Label 0.0029 -150 -77 518 717
Label 0.0028 580 556 706 753
Label 0.0028 -84 109 432 569
Label 0.0026 87 701 234 839
Label 0.0025 196 697 438 822
Label 0.0025 31 1677 403 1770
Label 0.0024 1189 58 1437 408
Label 0.0023 78 1357 326 1477
Label 0.0023 121 1286 512 1660
Label 0.0023 701 998 1042 1523
Label 0.0023 193 1224 510 1532
Label 0.0022 1154 394 1298 616
Label 0.0022 38 502 424 985
Label 0.0022 -78 163 533 1035
Label 0.0021 718 1333 1096 1489
Label 0.0021 695 1481 1046 1563
Label 0.0021 148 612 534 900
Label 0.0020 -255 1299 -30 1639
Label 0.0020 300 -135 1127 291
Label 0.0020 825 -161 1468 559
Label 0.0020 1156 524 1302 756
Label 0.0020 -248 311 -22 590
Label 0.0020 1148 254 1295 506
Label 0.0019 760 1199 1400 1420
Label 0.0019 1158 734 1303 955
Label 0.0019 120 1301 396 1504
Label 0.0019 -150 391 10 606
Label 0.0019 -232 863 -20 1100
Label 0.0019 1193 375 1437 647
Label 0.0018 184 1404 780 1648
Label 0.0018 717 884 1197 1466
Label 0.0018 5 10 211 67
Label 0.0018 1175 203 1427 573
Label 0.0018 684 1706 1058 1759
Label 0.0018 -227 453 -22 690
Label 0.0017 84 771 234 910
Label 0.0017 1158 870 1298 1088
Label 0.0017 1153 171 1293 428
Label 0.0017 593 -277 1673 970
Label 0.0017 597 583 679 729
Label 0.0017 1190 1118 1437 1392
Label 0.0016 -152 522 17 749
Label 0.0016 1143 1475 1336 1716
Label 0.0016 -229 998 -21 1237
Label 0.0015 -156 666 19 885
Label 0.0015 -230 1130 -24 1377
Label 0.0015 -229 729 -21 964
Label 0.0015 677 682 1301 1360
Label 0.0015 1197 506 1434 783
Label 0.0015 108 1236 326 1398
Label 0.0015 1140 1729 1481 1768
Label 0.0015 465 1552 660 1748
Label 0.0015 115 14 541 98
Label 0.0015 -227 591 -22 828
Label 0.0015 1157 1004 1298 1228
Label 0.0015 -269 1578 -20 1776
Label 0.0014 148 1304 358 1388
Label 0.0014 -166 268 18 485
Label 0.0014 -159 801 19 1024
Label 0.0014 -301 1455 -118 1746
Label 0.0014 -268 1672 -19 1786
Label 0.0014 -155 937 16 1157
Label 0.0014 -191 -8 44 99
Label 0.0014 -245 1473 -37 1734
Label 0.0014 1155 1261 1439 1701
Label 0.0014 1148 1139 1307 1365
Label 0.0013 -156 183 11 407
Label 0.0013 282 316 451 604
Label 0.0013 1168 569 1421 893
Label 0.0013 -54 93 84 393
Label 0.0013 -333 1148 -90 1524
Label 0.0013 701 1569 861 1675
Label 0.0013 -156 1070 18 1293
Label 0.0013 1350 710 1492 979
Label 0.0013 406 297 748 574
Label 0.0012 1344 570 1490 845
Label 0.0012 1065 1677 1413 1784
Label 0.0012 660 1491 1099 1606
Label 0.0012 258 1608 470 1759
Label 0.0012 1352 849 1492 1111
Label 0.0012 1201 789 1430 1041
Label 0.0012 -179 1408 22 1665
Label 0.0011 373 1410 592 1652
Label 0.0011 820 1359 1223 1538
Label 0.0011 911 1311 1118 1495
Label 0.0011 -165 -96 308 517
Label 0.0011 129 750 428 901
Label 0.0011 1081 464 1251 709
Label 0.0011 -176 1278 21 1511
Label 0.0011 -157 1205 14 1430
Label 0.0011 97 1389 298 1506
Label 0.0011 703 1581 1055 1806
Label 0.0011 1197 992 1431 1251
Label 0.0011 1325 1680 1521 1780
Label 0.0011 1321 1058 1507 1335
Label 0.0011 1353 982 1494 1250
Label 0.0011 -11 11 94 119
Label 0.0011 1146 -10 1330 101
Label 0.0011 109 780 320 891
Label 0.0010 458 -512 1308 629
Label 0.0010 1078 738 1252 979
Label 0.0010 669 1597 882 1748
Label 0.0010 1097 181 1248 447
Label 0.0010 48 -3 403 208
Label 0.0010 1312 443 1508 726
Label 0.0010 1150 34 1297 331
Label 0.0010 519 327 751 738
Label 0.0010 -250 18 -36 348
Label 0.0010 73 66 575 508
Label 0.0010 39 1718 413 1762
Label 0.0010 1175 847 1406 1156
Label 0.0010 1137 1210 1302 1451
Label 0.0010 705 4 937 183
Label 0.0010 752 1381 1100 1713
Label 0.0010 22 41 97 275
Label 0.0010 429 939 633 1142
Label 0.0010 272 1311 544 1594
Label 0.0010 1072 596 1255 849
Barcode 0.8130 674 1553 897 1638
Barcode 0.6205 17 8 107 69
Barcode 0.0382 618 1497 1027 1725
Barcode 0.0316 895 60 964 101
Barcode 0.0128 178 830 243 868
Barcode 0.0110 1136 111 1466 566
Barcode 0.0110 162 838 227 869
Barcode 0.0089 1152 38 1456 382
Barcode 0.0087 1116 278 1488 696
Barcode 0.0080 916 58 985 104
Barcode 0.0079 1093 440 1503 801
Barcode 0.0074 1131 2 1467 170
Barcode 0.0073 1085 962 1505 1377
Barcode 0.0071 1073 846 1514 1208
Barcode 0.0069 -322 1206 100 1666
Barcode 0.0068 161 825 227 860
Barcode 0.0067 -433 865 229 1724
Barcode 0.0065 10 6 177 75
Barcode 0.0058 1059 717 1525 1069
Barcode 0.0058 -463 1082 20 1541
Barcode 0.0056 156 813 234 872
Barcode 0.0054 1063 585 1527 929
Barcode 0.0053 -524 174 101 1044
Barcode 0.0052 841 658 1430 1137
Barcode 0.0051 -537 565 111 1468
Barcode 0.0049 -489 -66 76 740
Barcode 0.0047 -256 1245 334 1679
Barcode 0.0046 -271 632 358 1173
Barcode 0.0046 -338 221 454 1546
Barcode 0.0046 1191 1062 1554 1576
Barcode 0.0044 -295 18 53 143
Barcode 0.0042 -347 438 165 825
Barcode 0.0042 -348 972 166 1378
Barcode 0.0042 -342 710 164 1097
Barcode 0.0042 -345 842 166 1235
Barcode 0.0042 -346 573 168 960
Barcode 0.0040 1041 -217 1557 398
Barcode 0.0039 -459 150 45 571
Barcode 0.0039 -412 47 17 385
Barcode 0.0039 -329 298 141 695
Barcode 0.0038 -174 260 285 724
Barcode 0.0038 -468 1228 39 1867
Barcode 0.0037 804 813 1458 1268
Barcode 0.0037 1142 643 1663 1686
Barcode 0.0035 -413 1365 -24 1778
Barcode 0.0034 702 1507 944 1699
Barcode 0.0034 722 514 1266 1035
Barcode 0.0034 -261 62 368 888
Barcode 0.0032 1124 142 1690 1380
Barcode 0.0032 829 -30 1141 163
Barcode 0.0031 675 1533 885 1601
Barcode 0.0031 -237 1068 314 1538
Barcode 0.0030 -19 -2 166 123
Barcode 0.0030 -73 501 245 761
Barcode 0.0030 1200 -114 1551 541
Barcode 0.0029 -300 1577 100 1821
Barcode 0.0027 385 -20 1052 166
Barcode 0.0025 893 -36 1382 187
Barcode 0.0025 -384 1601 -65 1829
Barcode 0.0024 166 809 280 862
Barcode 0.0024 1180 -28 1617 986
Barcode 0.0022 -470 -277 81 434
Barcode 0.0022 883 416 1408 855
Barcode 0.0022 899 -2 1374 414
Barcode 0.0021 663 -1 1052 151
Barcode 0.0019 754 869 1191 1233
Barcode 0.0018 833 91 1336 639
Barcode 0.0018 635 630 1033 1191
Barcode 0.0017 719 -228 1254 352
Barcode 0.0016 608 1545 842 1650
Barcode 0.0016 -89 22 217 399
Barcode 0.0010 756 1577 909 1632
Color Chart 0.0087 -877 614 479 1971
Color Chart 0.0073 -786 -62 943 1777
Color Chart 0.0072 248 -265 2084 1971
Color Chart 0.0072 -533 895 103 1679
Color Chart 0.0067 778 -373 1822 1049
Color Chart 0.0057 -938 -372 550 1068
Color Chart 0.0055 820 645 1767 1927
Color Chart 0.0049 355 -31 1693 1500
Color Chart 0.0048 729 278 1564 1505
Color Chart 0.0035 -354 414 453 1613
Color Chart 0.0035 730 396 2123 2185
Color Chart 0.0028 -389 1107 507 2210
Color Chart 0.0027 141 2 512 31
Color Chart 0.0022 53 1126 1147 2181
Color Chart 0.0019 524 -677 1519 771
Color Chart 0.0017 1140 469 1296 705
Color Chart 0.0016 241 -520 1255 648
Color Chart 0.0015 1141 881 1293 1106
Color Chart 0.0012 1143 1017 1290 1244
Color Chart 0.0010 1021 1099 1798 2254
Scale 0.0071 1180 1028 1551 1803
Scale 0.0066 -416 1056 197 1792
Scale 0.0033 -43 0 102 337
Scale 0.0031 1183 -106 1586 775
Scale 0.0026 640 280 1371 1481
Scale 0.0025 1159 37 1450 431
Scale 0.0023 1 77 117 345
Scale 0.0021 1136 133 1457 602
Scale 0.0018 1098 317 1332 693
Scale 0.0017 1111 184 1324 548
Scale 0.0016 1113 50 1328 408
Scale 0.0016 1079 644 1342 1046
Scale 0.0016 1082 510 1341 910
Scale 0.0014 1075 780 1344 1182
Scale 0.0011 1076 988 1341 1382
Scale 0.0011 1097 102 1247 391
Specimen 0.8198 681 67 1067 817
Specimen 0.7691 17 283 967 1613
Specimen 0.2257 161 301 866 789
Specimen 0.0526 74 971 743 1558
Specimen 0.0483 385 162 967 807
Specimen 0.0398 654 604 785 894
Specimen 0.0175 906 62 965 103
Specimen 0.0118 521 901 947 1479
Specimen 0.0100 311 335 476 585
Specimen 0.0089 637 505 872 1001
Specimen 0.0079 61 1007 1102 1725
Specimen 0.0078 330 1055 624 1552
Specimen 0.0077 349 774 1108 1572
Specimen 0.0073 726 914 931 1176
Specimen 0.0067 707 820 965 1251
Specimen 0.0064 1185 1141 1531 1721
Specimen 0.0056 20 929 432 1426
Specimen 0.0053 359 1229 1191 1857
Specimen 0.0049 151 21 1056 737
Specimen 0.0047 908 71 965 130
Specimen 0.0045 518 763 906 1292
Specimen 0.0044 657 428 813 899
Specimen 0.0043 91 659 853 1157
Specimen 0.0042 750 -15 1116 463
Specimen 0.0041 802 275 1082 792
Specimen 0.0039 12 360 388 859
Specimen 0.0039 102 421 837 971
Specimen 0.0036 -50 866 541 1657
Specimen 0.0034 39 400 647 1290
Specimen 0.0032 -283 79 710 1625
Specimen 0.0031 141 1167 552 1602
Specimen 0.0030 333 297 691 758
Specimen 0.0030 858 48 972 125
Specimen 0.0028 385 147 1269 1375
Specimen 0.0027 -383 1113 -31 1659
Specimen 0.0027 220 -59 1500 1787
Specimen 0.0027 184 615 501 843
Specimen 0.0025 804 136 1286 813
Specimen 0.0025 196 1295 736 1750
Specimen 0.0025 1181 51 1429 453
Specimen 0.0024 360 -26 1044 427
Specimen 0.0023 1118 1057 1467 1582
Specimen 0.0023 38 691 396 1056
Specimen 0.0022 1122 273 1463 740
Specimen 0.0022 67 561 602 983
Specimen 0.0022 14 544 231 721
Specimen 0.0022 -282 789 -7 1180
Specimen 0.0022 270 303 555 609
Specimen 0.0022 554 -232 1684 1159
Specimen 0.0022 261 1093 800 1650
Specimen 0.0022 -287 -4 -19 134
Specimen 0.0022 -254 1235 -27 1567
Specimen 0.0021 288 459 942 1367
Specimen 0.0020 -272 251 -6 634
Specimen 0.0020 408 901 805 1190
Specimen 0.0019 -202 -4 47 349
Specimen 0.0019 875 21 1007 118
Specimen 0.0018 648 -194 1315 633
Specimen 0.0018 1117 477 1457 944
Specimen 0.0018 644 94 907 765
Specimen 0.0018 -280 652 -11 1041
Specimen 0.0018 -287 923 -2 1318
Specimen 0.0018 -328 1260 -88 1674
Specimen 0.0017 -272 391 -12 761
Specimen 0.0017 1135 607 1302 839
Specimen 0.0017 39 1054 259 1332
Specimen 0.0017 1290 1037 1528 1603
Specimen 0.0017 -290 1052 1 1460
Specimen 0.0017 1179 -12 1415 149
Specimen 0.0016 532 336 807 930
Specimen 0.0016 796 280 1013 627
Specimen 0.0016 1218 1 1469 226
Specimen 0.0016 728 112 1029 416
Specimen 0.0016 -309 1667 -81 1785
Specimen 0.0016 -275 518 -14 904
Specimen 0.0016 -193 342 31 684
Specimen 0.0016 -166 113 12 372
Specimen 0.0015 -204 130 42 489
Specimen 0.0015 106 316 470 696
Specimen 0.0015 1289 478 1523 944
Specimen 0.0015 121 476 435 839
Specimen 0.0015 649 1100 1148 1726
Specimen 0.0014 1110 679 1457 1147
Specimen 0.0014 376 1070 622 1348
Specimen 0.0014 1294 685 1523 1142
Specimen 0.0014 -200 603 31 962
Specimen 0.0014 -385 415 -34 863
Specimen 0.0014 10 496 154 705
Specimen 0.0014 -206 740 36 1099
Specimen 0.0013 -195 476 33 816
Specimen 0.0013 1291 258 1525 759
Specimen 0.0013 695 194 1058 535
Specimen 0.0013 546 900 819 1336
Specimen 0.0013 1188 1222 1435 1572
Specimen 0.0013 1345 639 1491 913
Specimen 0.0013 -203 876 36 1235
Specimen 0.0013 -225 1261 59 1656
Specimen 0.0013 -243 79 -37 422
Specimen 0.0013 1109 891 1457 1346
Specimen 0.0013 79 975 350 1315
Specimen 0.0013 1138 -23 1320 123
Specimen 0.0012 1296 887 1521 1350
Specimen 0.0012 1077 1058 1346 1447
Specimen 0.0012 -171 820 17 1029
Specimen 0.0012 -192 -19 31 120
Specimen 0.0012 214 -61 723 277
Specimen 0.0012 1351 1044 1493 1320
Specimen 0.0012 1150 -1 1301 227
Specimen 0.0012 615 198 989 1072
Specimen 0.0012 1238 634 1467 956
Specimen 0.0012 -397 667 -29 1156
Specimen 0.0012 -346 1402 -195 1774
Specimen 0.0012 1239 -15 1479 114
Specimen 0.0012 471 1320 899 1745
Specimen 0.0011 138 860 674 1211
Specimen 0.0011 1175 1048 1409 1364
Specimen 0.0011 359 595 623 1190
Specimen 0.0011 -210 1012 40 1368
Specimen 0.0011 1341 430 1490 711
Specimen 0.0011 -270 1338 -11 1714
Specimen 0.0011 177 884 872 1357
Specimen 0.0011 177 676 521 979
Specimen 0.0011 1215 72 1476 669
Specimen 0.0011 -217 1137 49 1515
Specimen 0.0010 1314 1105 1506 1425
Specimen 0.0010 246 796 567 1289
Specimen 0.0010 1232 489 1470 831
Specimen 0.0010 -306 1588 -79 1761
Specimen 0.0010 484 1428 912 1645
Specimen 0.0010 353 1204 494 1469
Specimen 0.0010 186 332 525 841
Specimen 0.0010 870 62 1040 289
Specimen 0.0010 52 651 260 909
Specimen 0.0010 -173 1152 19 1374
Specimen 0.0010 -392 137 -21 601
