Label 0.8396 30 1037 436 1286
Label 0.8011 5 1269 540 1726
Label 0.6741 521 1371 1052 1753
Label 0.3999 600 1187 868 1286
Label 0.3681 594 1210 993 1382
Label 0.3395 847 1212 998 1339
Label 0.1524 849 1222 992 1277
Label 0.1007 543 1221 1011 1607
Label 0.0890 589 1228 784 1363
Label 0.0286 581 1217 704 1343
Label 0.0269 588 1232 861 1301
Label 0.0241 105 1061 364 1237
Label 0.0229 559 1276 973 1405
Label 0.0168 878 1304 974 1357
Label 0.0161 840 1193 964 1296
Label 0.0135 1160 1534 1464 1758
Label 0.0128 104 1203 1032 1767
Label 0.0119 539 1056 961 1421
Label 0.0104 617 1304 775 1362
Label 0.0100 1147 1349 1454 1777
Label 0.0098 1103 1079 1485 1768
Label 0.0091 592 1297 866 1364
Label 0.0088 629 1263 777 1338
Label 0.0081 13 1635 334 1769
Label 0.0071 649 1257 897 1339
Label 0.0065 76 1041 388 1105
Label 0.0064 43 1680 525 1768
Label 0.0061 1017 184 1577 1066
Label 0.0061 -548 539 656 1994
Label 0.0060 -6 1652 158 1754
Label 0.0058 991 569 1598 1497
Label 0.0057 869 1178 1007 1304
Label 0.0055 76 -18 1075 121
Label 0.0054 -347 1005 399 1610
Label 0.0051 -10 0 145 139
Label 0.0050 98 1630 791 1784
Label 0.0050 -81 1634 222 1785
Label 0.0048 696 1066 1058 1405
Label 0.0042 764 1172 1118 1533
Label 0.0041 768 1234 1004 1366
Label 0.0038 587 1167 1327 1920
Label 0.0036 890 1175 1379 1704
Label 0.0036 -334 450 440 1589
Label 0.0035 -151 701 1063 1844
Label 0.0034 23 1591 525 1745
Label 0.0034 1166 1680 1463 1760
Label 0.0034 161 1552 994 1805
Label 0.0033 528 575 1184 1769
Label 0.0033 -30 983 882 1642
Label 0.0030 -347 -149 119 589
Label 0.0030 681 1421 920 1709
Label 0.0029 -398 1228 205 1885
Label 0.0028 29 1431 893 1919
Label 0.0028 9 1676 222 1768
Label 0.0028 37 924 816 1375
Label 0.0027 883 1584 1384 1813
Label 0.0027 965 1390 1353 1758
Label 0.0027 247 584 368 657
Label 0.0027 -36 926 470 1463
Label 0.0026 592 1290 786 1399
Label 0.0026 100 1016 409 1146
Label 0.0025 -203 1000 318 1332
Label 0.0024 -203 1364 306 1803
Label 0.0024 -251 -126 351 536
Label 0.0023 6 1080 934 2268
Label 0.0023 50 1514 474 1695
Label 0.0023 706 512 1627 2033
Label 0.0023 1155 1438 1296 1650
Label 0.0022 757 1578 1197 1818
Label 0.0022 667 1265 814 1321
Label 0.0022 -144 460 18 676
Label 0.0022 -225 952 -21 1161
Label 0.0022 3 13 200 81
Label 0.0021 -251 1127 -26 1396
Label 0.0021 -224 883 -22 1092
Label 0.0021 818 1123 994 1346
Label 0.0021 1018 1628 1083 1728
Label 0.0021 832 1444 1450 1894
Label 0.0020 34 -3 797 66
Label 0.0020 841 1153 1062 1425
Label 0.0020 485 -21 1222 155
Label 0.0020 1158 187 1304 410
Label 0.0020 -256 1248 -29 1558
Label 0.0020 1158 1131 1303 1374
Label 0.0020 343 130 470 278
Label 0.0020 -227 1082 -22 1296
Label 0.0019 -148 -61 757 441
Label 0.0019 -60 1507 456 1880
Label 0.0019 973 1616 1107 1750
Label 0.0019 -158 1013 11 1222
Label 0.0018 1199 440 1432 713
Label 0.0018 122 80 185 129
Label 0.0018 578 1240 661 1356
Label 0.0018 1157 593 1305 825
Label 0.0018 1155 451 1305 694
Label 0.0018 1141 1202 1299 1458
Label 0.0018 -148 335 13 537
Label 0.0018 1144 249 1295 511
Label 0.0017 1141 1729 1480 1768
Label 0.0017 -154 742 17 950
Label 0.0017 -148 600 19 811
Label 0.0017 -153 670 19 884
Label 0.0017 1048 1063 1772 2024
Label 0.0017 17 -62 1108 213
Label 0.0017 706 1280 863 1319
Label 0.0016 1161 731 1301 957
Label 0.0016 -191 -9 42 105
Label 0.0016 -236 323 -11 552
Label 0.0016 447 1001 1056 1526
Label 0.0016 180 1303 408 1650
Label 0.0016 838 1289 973 1398
Label 0.0016 661 586 1327 1445
Label 0.0016 -314 1288 -95 1655
Label 0.0016 1159 998 1307 1237
Label 0.0016 -253 1392 -39 1680
Label 0.0015 -163 33 12 316
Label 0.0015 1199 304 1431 575
Label 0.0015 1131 808 1307 1047
Label 0.0015 -359 857 530 2480
Label 0.0015 -253 465 -19 718
Label 0.0015 1093 1112 1338 1519
Label 0.0014 1168 495 1415 824
Label 0.0014 -151 1141 9 1354
Label 0.0014 177 15 773 123
Label 0.0014 -173 552 27 747
Label 0.0014 -297 1457 -121 1750
Label 0.0014 671 1309 798 1349
Label 0.0014 55 1276 537 1503
Label 0.0014 1119 1374 1322 1686
Label 0.0014 283 -8 1076 68
Label 0.0014 819 1257 955 1345
Label 0.0014 -272 1574 -17 1778
Label 0.0013 1349 579 1491 838
Label 0.0013 -269 1674 -13 1787
Label 0.0013 1081 868 1250 1116
Label 0.0013 1077 1678 1404 1782
Label 0.0013 -320 1166 -97 1504
Label 0.0013 49 23 166 72
Label 0.0013 1352 787 1492 1039
Label 0.0013 558 -247 1423 374
Label 0.0013 1345 440 1490 704
Label 0.0012 1189 1115 1439 1391
Label 0.0012 558 1003 1449 2321
Label 0.0012 1194 151 1433 445
Label 0.0012 274 175 448 301
Label 0.0012 1037 1623 1102 1736
Label 0.0012 1201 652 1428 907
Label 0.0012 -151 264 7 471
Label 0.0012 1170 709 1410 1020
Label 0.0012 277 1632 531 1746
Label 0.0012 -312 1066 -78 1311
Label 0.0012 367 19 594 159
Label 0.0012 1323 664 1505 913
Label 0.0012 1354 921 1494 1175
Label 0.0012 1089 184 1252 441
Label 0.0012 172 35 984 285
Label 0.0011 85 1725 497 1760
Label 0.0011 1075 594 1253 850
Label 0.0011 382 1718 845 1771
Label 0.0011 1152 1333 1303 1595
Label 0.0011 592 1100 840 1349
Label 0.0011 1081 730 1249 983
Label 0.0011 94 59 172 113
Label 0.0011 -182 1411 24 1659
Label 0.0011 -302 936 -90 1170
Label 0.0011 1091 1078 1251 1319
Label 0.0011 -158 -2 10 182
Label 0.0011 1197 856 1430 1110
Label 0.0011 1353 1049 1495 1314
Label 0.0011 169 1117 330 1201
Label 0.0010 1148 -15 1324 102
Label 0.0010 -175 1213 24 1440
Label 0.0010 1322 1679 1526 1781
Label 0.0010 154 1705 651 1770
Label 0.0010 1166 914 1412 1227
Label 0.0010 913 1217 1000 1261
Label 0.0010 -155 187 4 408
Label 0.0010 1074 455 1253 719
Label 0.0010 -18 1497 155 1708
Label 0.0010 461 1083 845 1493
Label 0.0010 1078 320 1251 581
Barcode 0.7015 19 10 115 83
Barcode 0.5731 657 1180 845 1266
Barcode 0.0783 852 1222 987 1286
Barcode 0.0548 626 1196 869 1299
Barcode 0.0145 375 203 457 282
Barcode 0.0089 598 1216 969 1360
Barcode 0.0083 1021 100 1570 869
Barcode 0.0083 1098 321 1493 665
Barcode 0.0083 1109 156 1469 540
Barcode 0.0076 -286 15 38 127
Barcode 0.0075 1124 56 1459 385
Barcode 0.0072 1075 985 1502 1354
Barcode 0.0069 1050 -115 1553 553
Barcode 0.0068 1075 457 1521 798
Barcode 0.0065 -524 888 96 1685
Barcode 0.0062 1050 861 1529 1205
Barcode 0.0058 1114 8 1468 173
Barcode 0.0057 1042 732 1543 1072
Barcode 0.0054 -320 1072 104 1531
Barcode 0.0054 -316 859 125 1211
Barcode 0.0053 -390 426 199 1629
Barcode 0.0052 1048 599 1542 935
Barcode 0.0051 8 5 223 104
Barcode 0.0050 862 674 1420 1125
Barcode 0.0049 -432 1210 2 1673
Barcode 0.0048 -404 43 8 373
Barcode 0.0047 -453 973 21 1379
Barcode 0.0046 -502 577 55 965
Barcode 0.0045 -470 -184 86 613
Barcode 0.0044 -485 161 51 562
Barcode 0.0044 898 822 1383 1237
Barcode 0.0044 721 1192 853 1247
Barcode 0.0044 983 217 1607 1316
Barcode 0.0044 -506 446 59 832
Barcode 0.0044 -233 101 317 602
Barcode 0.0043 -488 727 49 1093
Barcode 0.0040 359 209 484 305
Barcode 0.0040 -266 247 354 752
Barcode 0.0039 -314 1371 108 1777
Barcode 0.0038 908 953 1379 1399
Barcode 0.0038 1199 1077 1556 1563
Barcode 0.0036 -248 834 314 1264
Barcode 0.0035 824 530 1462 1005
Barcode 0.0034 -513 320 72 694
Barcode 0.0033 -264 527 338 1004
Barcode 0.0032 -314 1595 115 1813
Barcode 0.0031 -396 55 232 1202
Barcode 0.0031 1116 638 1686 1685
Barcode 0.0031 -165 -10 251 420
Barcode 0.0031 -33 670 412 1136
Barcode 0.0030 -106 5 475 695
Barcode 0.0030 -381 1607 -67 1821
Barcode 0.0029 918 -8 1365 414
Barcode 0.0028 862 272 1428 709
Barcode 0.0025 917 -57 1374 195
Barcode 0.0024 725 636 1253 1175
Barcode 0.0024 -450 1416 17 1958
Barcode 0.0023 672 1228 831 1285
Barcode 0.0023 128 43 765 232
Barcode 0.0022 4 21 609 333
Barcode 0.0022 778 764 1186 1310
Barcode 0.0021 624 317 1342 948
Barcode 0.0020 1154 -272 1637 453
Barcode 0.0020 780 -337 1507 475
Barcode 0.0019 323 140 486 260
Barcode 0.0019 674 90 1294 610
Barcode 0.0017 -321 -186 105 352
Barcode 0.0014 646 1249 803 1291
Barcode 0.0014 484 3 1208 378
Barcode 0.0013 102 81 171 128
Barcode 0.0010 61 -377 1144 495
Barcode 0.0010 652 1196 786 1247
Color Chart 0.0076 1019 754 1573 1565
Color Chart 0.0076 -865 567 467 2002
Color Chart 0.0066 -957 -406 576 1095
Color Chart 0.0064 -546 279 121 1218
Color Chart 0.0063 714 -366 1886 1038
Color Chart 0.0063 273 -338 2068 2024
Color Chart 0.0062 -521 732 97 1566
Color Chart 0.0060 -1111 22 731 1724
Color Chart 0.0054 -510 -80 89 760
Color Chart 0.0053 652 328 1933 1958
Color Chart 0.0045 -306 -53 398 729
Color Chart 0.0042 -294 155 395 1329
Color Chart 0.0042 -380 -309 785 982
Color Chart 0.0040 701 304 1599 1482
Color Chart 0.0028 960 820 1651 2002
Color Chart 0.0025 -680 -758 308 879
Color Chart 0.0025 -637 881 528 2463
Color Chart 0.0025 802 -216 1485 627
Color Chart 0.0019 716 1030 1581 2316
Color Chart 0.0019 245 -518 1524 896
Color Chart 0.0018 553 69 1442 1143
Color Chart 0.0014 -84 -427 1032 781
Scale 0.0091 1034 -11 1551 688
Scale 0.0062 1174 1043 1559 1793
Scale 0.0026 88 -3 870 60
Scale 0.0021 606 330 1402 1422
Scale 0.0019 -220 -99 578 493
Scale 0.0019 1110 265 1466 745
Scale 0.0019 1086 35 1341 427
Scale 0.0017 1091 1052 1335 1446
Scale 0.0016 1085 163 1338 566
Scale 0.0015 1104 53 1468 541
Scale 0.0015 1080 849 1346 1248
Scale 0.0015 1092 512 1333 907
Scale 0.0015 597 -65 1388 720
Scale 0.0015 1088 374 1337 773
Scale 0.0014 1081 719 1344 1106
Scale 0.0012 377 -99 1313 460
Scale 0.0010 1048 858 1097 1072
Scale 0.0010 1031 886 1120 1085
Scale 0.0010 1098 39 1242 315
Specimen 0.5822 179 31 1022 1150
Specimen 0.3323 144 467 341 785
Specimen 0.2438 315 658 950 1265
Specimen 0.0182 205 386 942 1446
Specimen 0.0117 443 103 817 912
Specimen 0.0089 -305 79 960 1664
Specimen 0.0084 390 703 1085 1637
Specimen 0.0079 322 160 991 823
Specimen 0.0070 424 731 846 1163
Specimen 0.0063 611 717 965 1258
Specimen 0.0061 1197 1166 1533 1716
Specimen 0.0046 165 810 794 1212
Specimen 0.0046 122 121 470 642
Specimen 0.0041 10 594 617 1220
Specimen 0.0033 497 505 1167 1324
Specimen 0.0030 -35 768 928 1503
Specimen 0.0030 159 533 301 716
Specimen 0.0029 995 882 1087 1095
Specimen 0.0028 -294 0 -10 135
Specimen 0.0028 -78 405 448 950
Specimen 0.0027 64 127 357 755
Specimen 0.0027 205 318 876 916
Specimen 0.0025 964 800 1103 1170
Specimen 0.0024 334 -37 1329 1480
Specimen 0.0023 170 116 749 614
Specimen 0.0022 -239 940 -29 1186
Specimen 0.0021 1121 344 1457 805
Specimen 0.0020 -284 849 0 1258
Specimen 0.0020 -365 1143 -41 1636
Specimen 0.0020 -282 1051 -1 1464
Specimen 0.0020 -199 -12 48 352
Specimen 0.0019 -292 230 4 656
Specimen 0.0019 -205 324 38 701
Specimen 0.0019 -282 372 -4 778
Specimen 0.0019 1225 1677 1479 1773
Specimen 0.0018 -170 1031 12 1222
Specimen 0.0018 1221 -13 1474 150
Specimen 0.0018 1119 8 1461 460
Specimen 0.0018 283 910 546 1165
Specimen 0.0018 1035 873 1104 1099
Specimen 0.0018 178 399 454 764
Specimen 0.0018 147 1187 798 1764
Specimen 0.0017 -398 923 -17 1445
Specimen 0.0017 -285 107 1 507
Specimen 0.0017 -169 963 11 1154
Specimen 0.0017 1129 1065 1458 1569
Specimen 0.0016 -215 931 44 1314
Specimen 0.0016 -289 714 0 1118
Specimen 0.0016 -188 -17 28 120
Specimen 0.0016 -172 1098 16 1288
Specimen 0.0016 -242 797 -30 1060
Specimen 0.0016 -168 893 12 1087
Specimen 0.0016 -234 102 -31 363
Specimen 0.0016 -203 460 34 830
Specimen 0.0016 1195 72 1435 385
Specimen 0.0015 1120 558 1450 998
Specimen 0.0015 -247 1318 -24 1594
Specimen 0.0015 -288 575 -2 983
Specimen 0.0015 125 849 537 1262
Specimen 0.0015 -314 1255 -78 1535
Specimen 0.0015 -212 795 40 1177
Specimen 0.0015 -168 819 13 1028
Specimen 0.0015 2 931 601 1536
Specimen 0.0014 -311 1671 -80 1785
Specimen 0.0014 -213 661 40 1040
Specimen 0.0014 -245 249 -33 524
Specimen 0.0014 42 425 308 844
Specimen 0.0014 505 210 1132 1051
Specimen 0.0014 -171 687 19 890
Specimen 0.0014 1293 492 1521 934
Specimen 0.0014 -361 35 -52 442
Specimen 0.0014 -213 189 50 571
Specimen 0.0013 1296 697 1522 1131
Specimen 0.0013 -171 622 22 815
Specimen 0.0013 1116 760 1451 1203
Specimen 0.0013 1146 -2 1296 227
Specimen 0.0013 1140 -25 1314 128
Specimen 0.0013 1288 278 1527 742
Specimen 0.0012 -337 1313 -70 1730
Specimen 0.0012 -171 277 18 484
Specimen 0.0012 -304 110 -96 359
Specimen 0.0012 1297 961 1521 1409
Specimen 0.0011 -407 600 -23 1088
Specimen 0.0011 1000 746 1140 1117
Specimen 0.0011 -237 1258 78 1658
Specimen 0.0011 -321 981 -95 1288
Specimen 0.0011 1234 646 1467 941
Specimen 0.0011 48 -340 1144 717
Specimen 0.0011 1174 -10 1412 238
Specimen 0.0010 -220 1126 59 1524
Specimen 0.0010 1058 811 1270 1161
Specimen 0.0010 965 840 1108 1022
Specimen 0.0010 395 1180 1005 1761
Specimen 0.0010 -304 1585 -79 1762
Specimen 0.0010 -346 1399 -196 1776
Specimen 0.0010 1027 852 1130 1028
Specimen 0.0010 1237 780 1466 1079
Specimen 0.0010 1208 897 1478 1339
Specimen 0.0010 -318 858 -105 1141
Specimen 0.0010 1227 427 1471 754
