Label 0.8744 95 1196 466 1690
Label 0.6880 425 1554 809 1678
Label 0.2570 727 1406 1133 1654
Label 0.0274 412 1563 557 1664
Label 0.0249 343 1614 1111 1778
Label 0.0243 130 1189 433 1288
Label 0.0200 72 1647 838 1765
Label 0.0194 728 1174 1224 1780
Label 0.0184 500 1576 759 1644
Label 0.0179 361 1585 694 1688
Label 0.0117 82 3 378 142
Label 0.0115 221 1601 732 1714
Label 0.0087 1151 1371 1469 1730
Label 0.0068 805 1397 1081 1588
Label 0.0061 397 1462 847 1747
Label 0.0058 74 986 1101 1851
Label 0.0051 387 1602 587 1699
Label 0.0051 350 1497 1105 1893
Label 0.0050 1068 1116 1555 1767
Label 0.0050 100 1202 470 1349
Label 0.0049 24 1655 505 1753
Label 0.0046 6 -30 1160 399
Label 0.0045 600 1676 1164 1743
Label 0.0043 554 -255 1483 1224
Label 0.0041 94 1471 425 1677
Label 0.0041 346 1250 1109 1667
Label 0.0039 1091 902 1390 1674
Label 0.0039 930 966 1685 2119
Label 0.0039 -368 1393 493 1982
Label 0.0038 1030 1438 1553 1908
Label 0.0036 131 1658 414 1728
Label 0.0035 77 1153 364 1283
Label 0.0034 -46 837 96 1137
Label 0.0032 364 1536 520 1687
Label 0.0032 731 1384 941 1472
Label 0.0031 117 -113 1243 261
Label 0.0031 755 1436 1027 1542
Label 0.0031 -3 998 114 1255
Label 0.0030 896 1397 1153 1699
Label 0.0030 530 1088 851 1457
Label 0.0029 52 -79 372 352
Label 0.0029 222 91 563 623
Label 0.0028 116 1175 713 1496
Label 0.0026 -152 1301 269 1817
Label 0.0026 73 1498 859 1892
Label 0.0025 727 1231 1027 1461
Label 0.0025 -55 -359 712 731
Label 0.0024 1118 43 1731 1218
Label 0.0023 -62 1062 102 1331
Label 0.0022 244 1672 569 1746
Label 0.0021 826 1607 1394 1816
Label 0.0021 705 1654 1071 1738
Label 0.0021 41 -86 587 470
Label 0.0019 -295 -538 702 1186
Label 0.0019 797 -320 1501 466
Label 0.0019 -30 715 99 987
Label 0.0018 458 631 1280 1900
Label 0.0017 591 1552 867 1673
Label 0.0017 604 892 1145 1671
Label 0.0017 -255 1386 -25 1682
Label 0.0017 -201 -201 338 362
Label 0.0017 470 1423 1042 1653
Label 0.0016 -300 1460 -123 1752
Label 0.0016 -78 1187 367 1625
Label 0.0016 -46 -83 374 769
Label 0.0015 366 1280 823 1826
Label 0.0015 3 1452 102 1738
Label 0.0015 89 1638 167 1712
Label 0.0015 1248 1692 1480 1770
Label 0.0015 571 1397 1093 1776
Label 0.0015 1326 488 1495 686
Label 0.0015 1328 616 1493 825
Label 0.0015 187 967 362 1121
Label 0.0015 735 1376 1056 1491
Label 0.0014 885 1383 1144 1479
Label 0.0014 568 1597 730 1623
Label 0.0014 1337 389 1495 621
Label 0.0014 1015 1420 1187 1667
Label 0.0014 1330 752 1494 962
Label 0.0014 79 974 525 1437
Label 0.0014 90 1611 163 1688
Label 0.0013 1166 568 1422 890
Label 0.0013 -231 1126 -9 1381
Label 0.0012 -50 1631 613 1811
Label 0.0012 1186 445 1438 715
Label 0.0012 158 1331 415 1684
Label 0.0012 -19 1577 161 1765
Label 0.0012 -110 1179 147 1487
Label 0.0012 509 1098 734 1394
Label 0.0012 -286 875 370 1745
Label 0.0012 21 1623 257 1753
Label 0.0012 597 1642 911 1729
Label 0.0012 1329 887 1495 1102
Label 0.0012 -267 1569 -25 1777
Label 0.0012 1170 712 1421 1015
Label 0.0012 -169 1401 27 1642
Label 0.0012 530 1676 837 1760
Label 0.0011 -412 751 583 2070
Label 0.0011 515 26 1184 911
Label 0.0011 464 -119 1232 528
Label 0.0011 129 1106 417 1337
Label 0.0011 787 1164 979 1338
Label 0.0011 819 1443 1060 1674
Label 0.0011 531 1454 828 1663
Label 0.0011 -14 545 78 653
Label 0.0010 -300 1120 -96 1378
Label 0.0010 48 1184 452 1461
Label 0.0010 1190 315 1433 572
Label 0.0010 1178 1661 1430 1783
Label 0.0010 1343 1687 1501 1780
Label 0.0010 -185 -8 193 101
Label 0.0010 -232 919 -12 1175
Label 0.0010 603 -210 1380 357
Label 0.0010 -330 1463 -215 1747
Label 0.0010 -168 1257 41 1522
Label 0.0010 -14 769 77 897
Label 0.0010 1326 1026 1497 1239
Label 0.0010 -178 379 39 661
Label 0.0010 716 1413 990 1588
Label 0.0010 1217 656 1466 937
Label 0.0010 -71 432 740 1855
Label 0.0010 -258 520 -22 807
Label 0.0010 -172 1479 19 1724
Barcode 0.8908 830 1458 1035 1533
Barcode 0.5951 95 26 339 109
Barcode 0.0239 66 0 257 31
Barcode 0.0136 137 46 289 97
Barcode 0.0058 -354 41 -26 369
Barcode 0.0055 1110 52 1480 363
Barcode 0.0054 -308 1618 406 1802
Barcode 0.0049 -356 8 -29 190
Barcode 0.0046 1098 772 1367 1592
Barcode 0.0045 1106 1577 1484 1789
Barcode 0.0045 -474 1235 36 1661
Barcode 0.0042 1106 392 1378 1164
Barcode 0.0042 1078 119 1458 583
Barcode 0.0042 -413 1394 -13 1765
Barcode 0.0040 1084 -6 1505 186
Barcode 0.0039 1182 1169 1578 1726
Barcode 0.0038 -70 170 162 1025
Barcode 0.0038 -422 129 10 561
Barcode 0.0038 23 -286 1142 651
Barcode 0.0038 1103 200 1403 796
Barcode 0.0036 -157 -7 264 131
Barcode 0.0034 -504 992 64 1370
Barcode 0.0034 69 7 1089 341
Barcode 0.0034 1196 693 1612 1155
Barcode 0.0032 -379 1605 -66 1828
Barcode 0.0031 1173 944 1629 1447
Barcode 0.0031 -574 501 164 1550
Barcode 0.0031 1208 443 1614 857
Barcode 0.0030 -508 859 70 1229
Barcode 0.0030 -496 1112 58 1519
Barcode 0.0030 -431 -265 58 458
Barcode 0.0029 418 1565 559 1677
Barcode 0.0029 745 1406 994 1485
Barcode 0.0028 298 1087 862 1526
Barcode 0.0028 -424 1372 254 1992
Barcode 0.0027 983 -316 1599 493
Barcode 0.0027 -66 322 343 1182
Barcode 0.0027 -82 32 995 132
Barcode 0.0027 -506 725 66 1092
Barcode 0.0027 1100 399 1745 1677
Barcode 0.0027 -74 581 160 1180
Barcode 0.0024 -12 51 278 653
Barcode 0.0024 908 -47 1369 192
Barcode 0.0023 173 40 326 91
Barcode 0.0023 -502 587 69 958
Barcode 0.0023 92 7 519 362
Barcode 0.0022 -53 23 142 675
Barcode 0.0022 -105 774 189 1272
Barcode 0.0022 -42 803 368 1271
Barcode 0.0020 743 1657 1141 1742
Barcode 0.0020 111 866 498 1197
Barcode 0.0020 -477 308 54 690
Barcode 0.0019 92 0 343 49
Barcode 0.0019 -494 448 65 824
Barcode 0.0019 -545 35 131 1202
Barcode 0.0019 824 1405 1094 1647
Barcode 0.0018 1132 -211 1691 900
Barcode 0.0018 -178 1025 241 1600
Barcode 0.0018 970 -34 1271 455
Barcode 0.0016 -68 435 721 1571
Barcode 0.0016 -103 -10 186 442
Barcode 0.0015 399 12 1275 154
Barcode 0.0015 -228 425 323 1621
Barcode 0.0014 1028 4 1169 39
Barcode 0.0013 -16 1187 914 2145
Barcode 0.0013 275 4 502 32
Barcode 0.0013 901 1404 1115 1476
Barcode 0.0013 825 74 1206 642
Barcode 0.0012 555 262 1132 767
Barcode 0.0012 520 48 1190 374
Barcode 0.0011 282 0 659 61
Barcode 0.0011 768 1434 1012 1543
Barcode 0.0011 738 -123 1264 802
Barcode 0.0010 543 1594 704 1625
Barcode 0.0010 519 103 1178 590
Barcode 0.0010 392 -509 1303 623
Color Chart 0.1324 17 1683 781 1758
Color Chart 0.0736 455 1684 1183 1760
Color Chart 0.0462 237 2 687 34
Color Chart 0.0442 163 1 1029 41
Color Chart 0.0368 107 18 334 118
Color Chart 0.0158 431 3 1186 53
Color Chart 0.0144 593 1 1074 39
Color Chart 0.0099 389 3 865 37
Color Chart 0.0092 82 -3 747 60
Color Chart 0.0064 -60 1691 492 1766
Color Chart 0.0061 -988 660 605 2189
Color Chart 0.0052 207 1680 577 1757
Color Chart 0.0051 -557 1035 132 1813
Color Chart 0.0044 69 799 1131 1756
Color Chart 0.0042 654 -658 1969 1073
Color Chart 0.0042 -433 906 593 2452
Color Chart 0.0039 800 2 1209 39
Color Chart 0.0038 137 1 531 28
Color Chart 0.0035 -1234 72 885 1960
Color Chart 0.0035 848 998 1748 2355
Color Chart 0.0034 384 1680 814 1751
Color Chart 0.0032 1154 1010 1642 1849
Color Chart 0.0032 234 1721 684 1758
Color Chart 0.0031 632 1674 1003 1752
Color Chart 0.0031 -386 -332 806 1766
Color Chart 0.0025 -274 -170 62 615
Color Chart 0.0024 773 663 2090 2187
Color Chart 0.0022 -710 -737 333 884
Color Chart 0.0022 562 -25 2315 2070
Color Chart 0.0022 -4 1014 114 1233
Color Chart 0.0021 -223 -557 640 868
Color Chart 0.0020 -476 241 346 1564
Color Chart 0.0019 676 1709 1129 1756
Color Chart 0.0018 -63 478 114 695
Color Chart 0.0018 153 -443 1598 1088
Color Chart 0.0017 4 1682 321 1749
Color Chart 0.0016 1018 0 1176 33
Color Chart 0.0016 -36 643 102 941
Color Chart 0.0014 485 1716 843 1764
Color Chart 0.0013 -20 0 53 34
Color Chart 0.0013 799 1680 1208 1757
Color Chart 0.0012 187 9 599 46
Color Chart 0.0012 296 13 1045 123
Color Chart 0.0011 691 1220 1236 2006
Color Chart 0.0011 33 1707 418 1757
Color Chart 0.0011 -88 8 249 95
Color Chart 0.0010 319 7 473 22
Color Chart 0.0010 573 -605 1447 709
Scale 0.1115 1110 608 1184 1451
Scale 0.0467 1104 945 1179 1685
Scale 0.0331 1045 511 1214 1588
Scale 0.0293 1104 234 1189 1020
Scale 0.0181 -19 1684 693 1753
Scale 0.0141 455 1679 1169 1750
Scale 0.0116 1085 -21 1198 907
Scale 0.0108 1044 122 1212 1176
Scale 0.0108 555 389 921 725
Scale 0.0092 8 1229 116 1710
Scale 0.0092 1069 787 1177 1539
Scale 0.0083 -40 1155 147 1771
Scale 0.0082 1080 334 1168 1070
Scale 0.0081 15 12 1159 121
Scale 0.0071 -30 398 121 1030
Scale 0.0064 4 652 102 1039
Scale 0.0056 1057 96 1174 774
Scale 0.0055 1025 940 1192 1819
Scale 0.0054 -29 617 113 1209
Scale 0.0052 1102 615 1352 1451
Scale 0.0052 1097 5 1182 615
Scale 0.0050 -81 109 114 907
Scale 0.0043 1031 248 1514 1551
Scale 0.0043 -386 -167 42 600
Scale 0.0043 -982 -576 636 1276
Scale 0.0042 987 -122 1597 808
Scale 0.0040 -30 -27 129 625
Scale 0.0037 1 17 93 461
Scale 0.0035 -53 263 99 759
Scale 0.0035 1017 -74 1206 692
Scale 0.0033 1076 585 1160 1220
Scale 0.0033 0 821 109 1146
Scale 0.0032 1109 1394 1162 1706
Scale 0.0030 1094 547 1196 1153
Scale 0.0029 -31 1346 86 1725
Scale 0.0029 -6 1053 113 1329
Scale 0.0028 -1 442 109 844
Scale 0.0026 -35 965 125 1407
Scale 0.0025 -94 1221 158 1594
Scale 0.0024 1041 347 1377 1205
Scale 0.0024 -125 31 235 1196
Scale 0.0023 984 22 1251 950
Scale 0.0023 1060 776 1488 1789
Scale 0.0020 997 298 1267 1704
Scale 0.0019 -69 932 85 1320
Scale 0.0019 -80 -45 96 379
Scale 0.0019 256 101 599 419
Scale 0.0018 1060 694 1207 1273
Scale 0.0018 1067 1379 1167 1715
Scale 0.0018 1124 790 1319 1294
Scale 0.0016 664 -574 1957 1525
Scale 0.0016 1057 115 1367 762
Scale 0.0016 1137 1056 1309 1572
Scale 0.0015 -324 -203 147 922
Scale 0.0015 -82 1107 107 1421
Scale 0.0014 1077 -41 1202 393
Scale 0.0014 1042 24 1172 462
Scale 0.0013 -188 187 556 1563
Scale 0.0013 -65 12 367 933
Scale 0.0013 1050 445 1212 984
Scale 0.0013 1135 500 1280 920
Scale 0.0012 999 1320 1178 1743
Scale 0.0012 -8 1101 114 1571
Scale 0.0011 1139 658 1291 1036
Scale 0.0011 741 84 1883 2230
Scale 0.0010 526 1107 734 1398
Scale 0.0010 1131 342 1299 682
Scale 0.0010 -137 -54 143 248
Specimen 0.7075 166 48 1068 1643
Specimen 0.0339 878 533 1073 1022
Specimen 0.0321 150 105 807 1059
Specimen 0.0232 237 82 635 894
Specimen 0.0190 443 493 1093 1593
Specimen 0.0088 -36 15 752 1436
Specimen 0.0087 856 520 1229 1796
Specimen 0.0072 1049 591 1352 1504
Specimen 0.0071 147 176 532 1228
Specimen 0.0071 204 523 1013 1150
Specimen 0.0069 1011 234 1242 1522
Specimen 0.0063 485 791 967 1449
Specimen 0.0054 275 120 579 639
Specimen 0.0054 649 180 1343 1825
Specimen 0.0049 839 41 1192 1184
Specimen 0.0047 1060 930 1349 1702
Specimen 0.0043 1123 731 1271 1369
Specimen 0.0040 124 -109 1058 816
Specimen 0.0037 616 400 850 711
Specimen 0.0033 200 927 975 1637
Specimen 0.0030 1118 1026 1282 1629
Specimen 0.0029 201 81 916 651
Specimen 0.0028 693 -279 1911 2058
Specimen 0.0026 1134 1178 1460 1732
Specimen 0.0024 246 376 949 913
Specimen 0.0024 675 536 1075 1421
Specimen 0.0023 407 250 714 1008
Specimen 0.0023 885 352 1134 1110
Specimen 0.0022 618 353 953 802
Specimen 0.0022 69 591 882 1403
Specimen 0.0021 1138 30 1445 444
Specimen 0.0021 -193 -3 26 355
Specimen 0.0020 397 954 584 1278
Specimen 0.0018 -298 13 -94 351
Specimen 0.0018 75 -74 365 231
Specimen 0.0018 395 -68 1270 1270
Specimen 0.0018 1188 1285 1439 1644
Specimen 0.0017 1118 292 1452 721
Specimen 0.0017 -213 270 65 741
Specimen 0.0016 1281 404 1522 755
Specimen 0.0016 514 984 837 1518
Specimen 0.0015 -299 458 9 827
Specimen 0.0015 1290 253 1520 633
Specimen 0.0015 1281 538 1521 891
Specimen 0.0015 1126 514 1455 907
Specimen 0.0014 -309 1666 -91 1783
Specimen 0.0014 1284 671 1520 1030
Specimen 0.0014 -299 660 3 1031
Specimen 0.0014 -297 1062 5 1442
Specimen 0.0014 -280 1340 0 1698
Specimen 0.0014 505 -44 988 394
Specimen 0.0014 1235 0 1465 227
Specimen 0.0014 -344 1400 -75 1778
Specimen 0.0014 -328 35 -174 302
Specimen 0.0014 1285 804 1520 1167
Specimen 0.0013 703 791 1015 1316
Specimen 0.0013 1129 645 1455 1052
Specimen 0.0013 748 496 1071 1092
Specimen 0.0013 -308 784 11 1178
Specimen 0.0013 481 467 768 1192
Specimen 0.0013 -220 1245 52 1662
Specimen 0.0013 195 278 530 860
Specimen 0.0013 -279 -3 -21 137
Specimen 0.0012 -305 921 10 1313
Specimen 0.0012 -250 56 -33 447
Specimen 0.0012 1286 939 1521 1301
Specimen 0.0012 1339 727 1491 962
Specimen 0.0012 387 822 717 1384
Specimen 0.0012 216 975 699 1365
Specimen 0.0012 -389 970 -45 1397
Specimen 0.0012 1339 931 1493 1165
Specimen 0.0012 -226 1258 -12 1529
Specimen 0.0012 -177 133 17 508
Specimen 0.0011 1116 801 1463 1302
Specimen 0.0011 -300 1586 -86 1758
Specimen 0.0011 -267 246 -12 645
Specimen 0.0011 -227 494 70 913
Specimen 0.0011 152 325 393 945
Specimen 0.0011 -376 1233 -37 1674
Specimen 0.0011 -340 1469 -190 1727
Specimen 0.0011 1106 964 1467 1538
Specimen 0.0011 1180 -22 1405 155
Specimen 0.0011 1279 1111 1528 1531
Specimen 0.0011 -232 581 -18 825
Specimen 0.0010 -228 716 -20 963
Specimen 0.0010 -305 145 -115 500
Specimen 0.0010 -222 1118 56 1515
Specimen 0.0010 -385 1291 -161 1749
Specimen 0.0010 -178 299 27 607
Specimen 0.0010 238 1125 691 1655
Specimen 0.0010 1306 -24 1523 373
Specimen 0.0010 1244 -19 1482 115
Specimen 0.0010 1344 237 1496 495
Specimen 0.0010 -45 534 300 1156
Specimen 0.0010 -390 695 -44 1129
Specimen 0.0010 -231 450 -18 684
