Label 0.8592 54 4207 912 4731
Label 0.8554 2060 3973 3256 4857
Label 0.6792 2555 231 3168 637
Label 0.0490 2677 341 3094 629
Label 0.0201 3146 3003 4275 5004
Label 0.0188 2317 4076 3056 4702
Label 0.0110 220 10 2499 161
Label 0.0092 270 4303 730 4626
Label 0.0089 3293 3907 4143 4907
Label 0.0080 181 -36 3126 300
Label 0.0079 2545 135 3283 841
Label 0.0060 3262 4424 4141 5003
Label 0.0055 1898 2681 4570 5270
Label 0.0054 2236 3463 4063 4760
Label 0.0045 3125 4162 4225 5217
Label 0.0042 242 3449 3044 4712
Label 0.0041 3266 609 4718 3716
Label 0.0041 2804 1328 4602 4510
Label 0.0038 3433 3631 4358 5118
Label 0.0036 64 4576 2478 5087
Label 0.0035 -1311 1943 1749 5981
Label 0.0035 -450 3474 857 4747
Label 0.0033 -18 -364 3291 685
Label 0.0033 1794 641 3815 4336
Label 0.0033 349 4076 2243 4968
Label 0.0032 2678 205 3278 471
Label 0.0031 3523 2039 4140 2832
Label 0.0030 449 2970 2815 4358
Label 0.0029 -604 3042 1042 5069
Label 0.0028 1050 -3 3190 182
Label 0.0028 3778 2091 4257 2767
Label 0.0027 -893 -814 1261 1130
Label 0.0027 -11 4445 1497 4942
Label 0.0026 109 4462 913 4760
Label 0.0026 2217 4353 4036 5186
Label 0.0026 3854 1839 4232 2584
Label 0.0025 2018 2149 3609 4339
Label 0.0025 3387 3685 4070 4616
Label 0.0025 -354 4408 923 4975
Label 0.0024 -1106 3537 531 5263
Label 0.0024 -146 4075 2758 5406
Label 0.0024 2178 -905 3470 1419
Label 0.0023 3870 2415 4237 3145
Label 0.0023 3431 1834 4029 2585
Label 0.0023 26 3686 1644 4625
Label 0.0022 572 -206 3388 1259
Label 0.0021 -528 -430 2304 1517
Label 0.0021 3441 2235 4022 2957
Label 0.0021 3766 1508 4256 2201
Label 0.0020 -105 -4 1733 185
Label 0.0020 81 4185 894 4471
Label 0.0020 3775 2679 4272 3328
Label 0.0020 2128 3841 4237 5511
Label 0.0020 1578 -42 3244 456
Label 0.0019 1821 2707 3156 3894
Label 0.0019 2607 2351 3178 3269
Label 0.0019 1777 -1102 5531 5159
Label 0.0018 3419 1233 4065 2044
Label 0.0018 997 3921 3046 4994
Label 0.0018 1840 3126 3079 4220
Label 0.0018 -174 3788 1053 5478
Label 0.0017 3500 4782 4218 5005
Label 0.0017 -200 2700 2076 5212
Label 0.0017 -633 2044 1603 4425
Label 0.0017 1972 4822 3121 5002
Label 0.0017 3620 2432 4160 3139
Label 0.0017 3433 2621 4031 3340
Label 0.0017 1255 2502 1993 3967
Label 0.0016 3864 2967 4242 3723
Label 0.0016 2879 2487 3312 3115
Label 0.0016 -401 2877 3180 5837
Label 0.0015 -727 3917 -66 4755
Label 0.0015 -945 40 1234 3310
Label 0.0015 3407 3160 4066 3954
Label 0.0015 3306 728 3716 1374
Label 0.0015 -732 4465 -67 5020
Label 0.0014 1262 4331 1823 4819
Label 0.0014 2607 1933 3184 2904
Label 0.0014 1344 -480 3520 852
Label 0.0014 2471 -304 3518 854
Label 0.0014 3313 1102 3728 1782
Label 0.0014 3413 850 4059 1661
Label 0.0014 1042 46 1696 394
Label 0.0014 786 1885 3281 4503
Label 0.0013 3333 4706 4076 5020
Label 0.0013 3269 316 3710 1006
Label 0.0013 3321 2642 3744 3311
Label 0.0013 2815 2804 3306 3576
Label 0.0013 -656 1261 -45 2004
Label 0.0013 3334 1661 3737 2374
Label 0.0013 2578 2735 3190 3668
Label 0.0012 -442 3614 54 4264
Label 0.0012 3336 2045 3733 2752
Label 0.0012 1285 264 2818 1656
Label 0.0012 1175 4467 1970 4925
Label 0.0012 3629 2804 4167 3525
Label 0.0012 -847 4133 -367 4955
Label 0.0012 3755 3186 4280 3970
Label 0.0012 3269 3211 3755 3895
Label 0.0011 3399 423 4065 1284
Label 0.0011 -452 1683 63 2354
Label 0.0011 -442 3969 58 4643
Label 0.0011 3234 4205 3775 4858
Label 0.0011 -435 3243 47 3879
Label 0.0011 3255 -33 3783 274
Label 0.0011 -428 2686 48 3299
Label 0.0011 -614 3037 -65 3707
Label 0.0011 2229 4876 3303 5012
Label 0.0010 2359 2482 2987 3545
Label 0.0010 2817 3185 3287 3944
Label 0.0010 -503 6 63 592
Label 0.0010 -588 -60 198 287
Label 0.0010 890 53 1833 208
Label 0.0010 1209 -1447 3731 1676
Label 0.0010 3789 4761 4284 5038
Label 0.0010 116 4559 978 4843
Label 0.0010 717 2583 1882 3996
Label 0.0010 2603 3144 3175 4001
Label 0.0010 135 4786 1813 5046
Barcode 0.6579 2589 234 3210 440
Barcode 0.2652 2536 153 3188 626
Barcode 0.0315 2642 330 3138 619
Barcode 0.0148 2723 249 3127 386
Barcode 0.0084 3155 3104 4248 4307
Barcode 0.0073 3260 147 4152 1081
Barcode 0.0072 -1264 -203 153 2138
Barcode 0.0063 -785 50 64 422
Barcode 0.0060 3410 1650 4447 2699
Barcode 0.0059 3161 412 4219 1586
Barcode 0.0057 3251 38 4139 472
Barcode 0.0056 -1153 409 15 1628
Barcode 0.0053 -1169 2375 611 4938
Barcode 0.0053 2994 2448 4330 3355
Barcode 0.0052 3046 2011 4310 3024
Barcode 0.0050 -775 -375 147 1607
Barcode 0.0050 -849 3035 261 4327
Barcode 0.0048 3054 1321 4346 2262
Barcode 0.0048 -1243 3432 1 4722
Barcode 0.0044 3063 918 4320 1913
Barcode 0.0042 -694 61 935 1170
Barcode 0.0041 2451 402 3938 1632
Barcode 0.0041 2964 2859 4363 3756
Barcode 0.0039 2967 176 4449 2607
Barcode 0.0039 2794 1848 4586 4727
Barcode 0.0038 -1265 2789 14 3868
Barcode 0.0037 -981 217 454 3305
Barcode 0.0037 157 492 996 1725
Barcode 0.0036 2623 150 3181 351
Barcode 0.0036 -725 304 997 1719
Barcode 0.0034 2070 673 2671 1107
Barcode 0.0034 -846 2231 252 3602
Barcode 0.0034 -619 -88 911 451
Barcode 0.0034 -776 1291 293 2332
Barcode 0.0033 -693 2942 916 4410
Barcode 0.0033 -1184 -531 139 1007
Barcode 0.0033 -1257 881 81 1975
Barcode 0.0033 -43 35 1134 2062
Barcode 0.0033 2111 1666 3485 3451
Barcode 0.0032 2444 1179 3975 2407
Barcode 0.0032 3020 -598 4374 1117
Barcode 0.0031 -899 3915 315 5007
Barcode 0.0030 2400 2300 4014 3550
Barcode 0.0029 1691 656 3110 2169
Barcode 0.0029 2351 3060 4067 4351
Barcode 0.0028 2260 301 3007 666
Barcode 0.0027 29 3126 2468 4265
Barcode 0.0027 402 -16 2868 1130
Barcode 0.0027 2345 794 3391 1993
Barcode 0.0027 -1074 4531 -222 5153
Barcode 0.0026 2278 2726 3408 3874
Barcode 0.0026 -918 4463 340 5154
Barcode 0.0026 1973 386 3686 3113
Barcode 0.0025 -212 21 2001 1099
Barcode 0.0024 -685 1919 862 3880
Barcode 0.0020 241 351 2334 1635
Barcode 0.0019 1694 2024 3238 3703
Barcode 0.0019 -1286 3996 43 5532
Barcode 0.0019 -329 2543 1260 4024
Barcode 0.0019 -1212 1447 -6 2911
Barcode 0.0018 1643 645 2604 1278
Barcode 0.0016 908 2571 3121 3994
Barcode 0.0016 -727 852 946 2676
Color Chart 0.0069 -2419 2127 1281 5915
Color Chart 0.0065 -2492 -1056 1443 3073
Color Chart 0.0061 -1535 2487 334 4789
Color Chart 0.0052 2046 1728 5342 5556
Color Chart 0.0048 2184 -1258 5264 2479
Color Chart 0.0046 772 -352 4980 5180
Color Chart 0.0041 -1458 -1365 2655 2469
Color Chart 0.0040 -392 2729 3770 5204
Color Chart 0.0038 -1426 273 255 3191
Color Chart 0.0038 -965 2447 1254 4826
Color Chart 0.0038 -871 -302 1182 2185
Color Chart 0.0037 -1799 247 2220 5384
Color Chart 0.0034 -371 -946 3765 2030
Color Chart 0.0032 1156 -313 3799 2973
Color Chart 0.0031 2156 37 4352 3508
Color Chart 0.0029 2065 1148 4431 4658
Color Chart 0.0024 1012 1555 4030 4878
Color Chart 0.0022 2605 3036 4754 6394
Color Chart 0.0022 -156 3212 2840 6286
Color Chart 0.0022 -1822 -1823 748 2186
Color Chart 0.0019 2005 -1304 6086 4659
Color Chart 0.0013 3246 520 3705 1248
Color Chart 0.0012 -495 1574 2525 4858
Scale 0.7385 1903 1564 2225 3256
Scale 0.0842 1335 721 2412 3190
Scale 0.0455 1708 1238 2225 3361
Scale 0.0075 3097 -295 4353 1523
Scale 0.0073 3358 2950 4426 5052
Scale 0.0043 -880 -583 1193 1677
Scale 0.0041 1604 1265 2529 2818
Scale 0.0039 1433 1425 2342 3900
Scale 0.0033 2254 -267 4195 2191
Scale 0.0028 1869 586 3774 3692
Scale 0.0026 3336 -390 4583 2324
Scale 0.0025 1514 157 3404 2531
Scale 0.0023 257 2505 3034 4679
Scale 0.0014 -342 2646 2083 4503
Scale 0.0013 91 -219 1644 2202
Scale 0.0012 3084 335 3832 1368
Specimen 0.7057 817 484 2626 4224
Specimen 0.6522 290 443 1624 4236
Specimen 0.2676 1334 913 2343 3867
Specimen 0.0410 152 714 1322 3198
Specimen 0.0263 1252 603 2843 2968
Specimen 0.0262 1066 1280 1965 3791
Specimen 0.0140 284 516 1045 2235
Specimen 0.0086 1245 1488 2190 3270
Specimen 0.0071 1737 1025 2510 3476
Specimen 0.0064 3418 3210 4325 4885
Specimen 0.0063 -964 123 -60 1087
Specimen 0.0050 -252 329 1092 4445
Specimen 0.0046 -819 -12 -40 380
Specimen 0.0038 3412 1547 4214 2864
Specimen 0.0033 3516 1847 4141 2641
Specimen 0.0032 -1184 460 594 4578
Specimen 0.0031 -1463 -363 1897 5230
Specimen 0.0030 282 1512 1670 3260
Specimen 0.0030 -1212 1181 43 3962
Specimen 0.0029 3676 1752 4322 3041
Specimen 0.0029 3315 3376 4034 4585
Specimen 0.0027 3232 1959 4069 3214
Specimen 0.0026 1068 10 3697 3544
Specimen 0.0024 3665 1174 4316 2483
Specimen 0.0022 3576 1640 4165 2395
Specimen 0.0022 3351 1622 4017 2515
Specimen 0.0022 284 1125 1087 2801
Specimen 0.0022 3222 1189 4087 2459
Specimen 0.0021 3839 1431 4232 2211
Specimen 0.0021 3704 2364 4300 3568
Specimen 0.0021 -597 -61 146 1041
Specimen 0.0020 3491 -36 4167 415
Specimen 0.0020 2859 2242 3300 2999
Specimen 0.0020 3524 2438 4154 3204
Specimen 0.0019 3690 3001 4313 4474
Specimen 0.0019 168 305 2412 3156
Specimen 0.0019 -1112 2826 -52 4629
Specimen 0.0018 2869 1852 3298 2631
Specimen 0.0018 -698 331 -90 1437
Specimen 0.0017 2513 1889 3286 3294
Specimen 0.0017 3389 203 4060 1109
Specimen 0.0017 3195 2910 4109 4182
Specimen 0.0017 3421 1413 4060 2241
Specimen 0.0017 2837 2633 3308 3370
Specimen 0.0017 2719 1790 3403 3022
Specimen 0.0016 -828 1217 -15 2841
Specimen 0.0016 -783 528 -5 1969
Specimen 0.0016 -141 106 1413 2626
Specimen 0.0016 -504 275 27 1128
Specimen 0.0015 3346 2624 3985 3427
Specimen 0.0015 2157 1538 3213 3612
Specimen 0.0015 -861 4457 -282 5022
Specimen 0.0015 3839 1044 4236 1827
Specimen 0.0015 3826 3288 4242 4164
Specimen 0.0014 3191 599 4114 1886
Specimen 0.0014 1542 1122 3083 3777
Specimen 0.0014 3239 1870 3757 2620
Specimen 0.0014 2127 718 2641 1115
Specimen 0.0014 3438 2563 4189 3772
Specimen 0.0014 3272 -17 3697 611
Specimen 0.0014 2694 2404 3416 3552
Specimen 0.0014 3685 596 4313 1909
Specimen 0.0014 -756 1203 260 3611
Specimen 0.0014 3568 1233 4178 2031
Specimen 0.0013 3114 1745 3806 3034
Specimen 0.0013 1363 1817 1974 3631
Specimen 0.0013 3336 1018 4018 1971
Specimen 0.0013 -701 1249 -69 2084
Specimen 0.0013 3232 2257 3758 2998
Specimen 0.0013 -776 3740 -7 4878
Specimen 0.0013 -779 2694 -21 4040
Specimen 0.0013 3256 292 3691 1090
Specimen 0.0013 874 931 1431 3030
Specimen 0.0013 3246 1491 3731 2240
Specimen 0.0013 3237 716 3711 1447
Specimen 0.0012 1254 811 2428 1982
Specimen 0.0012 2838 1511 3669 2894
Specimen 0.0012 -496 3654 54 4291
Specimen 0.0012 3239 1099 3714 1850
Specimen 0.0012 2605 1694 3179 2751
Specimen 0.0012 -914 3446 -170 4445
Specimen 0.0012 3247 -70 3749 339
Specimen 0.0012 3336 2993 3990 3829
Specimen 0.0012 -909 70 -545 930
Specimen 0.0012 -609 3330 126 4576
Specimen 0.0012 3096 155 3831 1162
Specimen 0.0012 3223 2670 3752 3362
Specimen 0.0011 -1298 1301 -232 3120
Specimen 0.0011 -907 4760 -148 5034
Specimen 0.0011 3077 514 3830 1576
Specimen 0.0011 -604 1214 119 2473
Specimen 0.0011 3037 1871 3491 2635
Specimen 0.0011 -719 1611 -69 2504
Specimen 0.0011 -611 2329 141 3658
Specimen 0.0011 3055 3155 3864 4307
Specimen 0.0010 -483 3288 53 3895
Specimen 0.0010 -683 819 -20 1659
Specimen 0.0010 3113 2388 3795 3545
Specimen 0.0010 -1087 852 -74 2394
Specimen 0.0010 -621 3393 -60 4117
Specimen 0.0010 -716 2595 -61 3442
Specimen 0.0010 3110 1076 3794 2182
Specimen 0.0010 2807 2080 3717 3464
Specimen 0.0010 -500 1747 56 2369
Specimen 0.0010 -476 1350 51 1978
Specimen 0.0010 409 -244 2224 685
Specimen 0.0010 3361 -37 4003 672
Specimen 0.0010 2857 1431 3289 2274
Specimen 0.0010 -890 3842 -263 4771
Specimen 0.0010 -491 2710 65 3325
Specimen 0.0010 -976 3929 -544 5047
Specimen 0.0010 3211 3201 3745 3969
Specimen 0.0010 3027 2248 3500 3024
Specimen 0.0010 -487 3108 67 3688
Specimen 0.0010 3844 2242 4200 2677
