Label 0.8604 2408 4635 3751 5595
Label 0.8046 92 4908 1026 5529
Label 0.2987 2708 0 3690 185
Label 0.0905 2951 302 3641 614
Label 0.0384 2676 4778 3511 5416
Label 0.0268 -21 14 188 153
Label 0.0158 125 5333 1073 5509
Label 0.0099 3379 2958 4965 5273
Label 0.0094 2865 116 3740 564
Label 0.0076 3684 3557 4699 4781
Label 0.0066 541 23 3925 366
Label 0.0060 116 5202 965 5546
Label 0.0059 773 9 1819 271
Label 0.0054 2741 1958 5583 6182
Label 0.0053 2434 5506 3580 5609
Label 0.0047 3523 36 3765 207
Label 0.0046 390 4991 907 5344
Label 0.0043 2612 3924 4555 5297
Label 0.0042 660 4341 3095 5704
Label 0.0040 3894 2328 4929 4197
Label 0.0040 1042 1255 3577 4184
Label 0.0036 3646 1428 5261 5010
Label 0.0036 3979 1329 4913 2745
Label 0.0036 235 3532 2690 5492
Label 0.0035 2478 4443 3875 5210
Label 0.0033 3956 4334 4866 5609
Label 0.0033 3086 30 3584 105
Label 0.0031 321 -245 4179 701
Label 0.0029 2225 1194 4201 3590
Label 0.0029 -153 -73 3934 1186
Label 0.0028 3319 616 5045 3359
Label 0.0028 2989 60 3495 143
Label 0.0028 3509 4222 4700 5687
Label 0.0028 -86 41 145 204
Label 0.0028 3216 2997 3732 3804
Label 0.0027 -191 4247 1298 5825
Label 0.0027 -680 3595 1132 5539
Label 0.0027 2827 -94 3931 1237
Label 0.0027 182 4453 1039 5135
Label 0.0026 -140 11 248 242
Label 0.0026 2600 -221 4694 2402
Label 0.0026 3209 2531 3710 3367
Label 0.0025 269 4913 2608 5810
Label 0.0025 3136 3 3884 161
Label 0.0024 3447 5002 4765 5662
Label 0.0024 -1098 4521 521 6147
Label 0.0024 577 2307 3193 4964
Label 0.0024 1076 3655 3417 5488
Label 0.0023 3768 4643 5136 5980
Label 0.0022 136 5465 1090 5605
Label 0.0022 -536 -227 1695 1536
Label 0.0022 2645 4614 4368 5721
Label 0.0021 202 3904 1837 5320
Label 0.0021 -779 1444 -66 2309
Label 0.0021 2056 23 3667 245
Label 0.0021 980 4826 3603 5808
Label 0.0020 2883 41 3392 117
Label 0.0019 3201 40 3851 229
Label 0.0019 2946 2475 3596 3443
Label 0.0019 2241 -950 6065 4732
Label 0.0019 -777 4383 -80 5365
Label 0.0019 -483 2140 81 2844
Label 0.0018 2863 5516 3823 5629
Label 0.0018 3221 2099 3704 2912
Label 0.0018 2289 5444 3407 5647
Label 0.0018 122 4711 947 5299
Label 0.0018 3344 17 3711 123
Label 0.0018 -480 2590 65 3267
Label 0.0018 1540 2856 3901 5294
Label 0.0017 -483 3010 64 3715
Label 0.0017 3174 3558 3729 4477
Label 0.0017 -494 1457 61 2192
Label 0.0017 -711 1891 -59 2661
Label 0.0017 2290 -1024 4213 2184
Label 0.0017 3243 1736 3755 2394
Label 0.0017 3862 1354 4553 2296
Label 0.0016 3090 2129 3776 3280
Label 0.0016 3950 5379 4742 5628
Label 0.0016 -534 4456 27 5295
Label 0.0016 -698 2360 -52 3070
Label 0.0016 -501 3825 39 4589
Label 0.0016 515 3670 4205 6132
Label 0.0015 3214 3360 3786 4197
Label 0.0015 -483 3427 54 4147
Label 0.0015 -683 2784 -64 3506
Label 0.0015 -613 -20 193 291
Label 0.0015 -666 3203 -74 3962
Label 0.0014 3358 70 3729 192
Label 0.0014 -941 4653 -398 5541
Label 0.0013 1885 4202 3679 5231
Label 0.0013 -821 5035 -72 5626
Label 0.0013 3374 2936 3939 3760
Label 0.0013 255 5037 964 5796
Label 0.0012 3190 748 3735 1655
Label 0.0012 3378 1899 3896 2687
Label 0.0012 3333 3246 3926 3974
Label 0.0012 1914 3033 4564 6022
Label 0.0012 3758 5288 4582 5647
Label 0.0012 3844 3567 4551 4434
Label 0.0012 -545 1027 65 1839
Label 0.0012 3114 1725 3770 2826
Label 0.0012 2074 3176 2687 4035
Label 0.0012 2676 2722 3363 3659
Label 0.0012 2626 -59 3712 366
Label 0.0012 3372 2329 3925 3129
Label 0.0011 2234 3195 3035 3944
Label 0.0011 2029 3592 2698 4485
Label 0.0011 3677 1422 4197 2245
Label 0.0011 2666 5403 3802 5638
Label 0.0011 3336 3615 3920 4442
Label 0.0011 2905 3753 3602 4720
Label 0.0011 3643 523 4183 1481
Label 0.0011 1598 3790 2286 4727
Label 0.0011 -729 -609 1175 1027
Label 0.0010 3751 1731 4562 2868
Label 0.0010 3881 3143 4524 3999
Label 0.0010 1832 3358 2508 4286
Label 0.0010 255 4764 1277 5467
Label 0.0010 3407 1655 3895 2419
Label 0.0010 -26 1 2058 1211
Label 0.0010 4272 5364 4813 5664
Label 0.0010 3612 958 4198 1911
Label 0.0010 2943 2051 3585 2994
Label 0.0010 2894 3287 3628 4384
Label 0.0010 151 -282 2184 662
Label 0.0010 2118 3042 2691 3682
Barcode 0.7913 2926 320 3648 596
Barcode 0.0286 2101 41 2757 223
Barcode 0.0233 -15 33 193 180
Barcode 0.0122 1807 28 2967 272
Barcode 0.0082 3429 -44 4913 2130
Barcode 0.0075 1043 38 1950 279
Barcode 0.0061 3986 3088 4856 4388
Barcode 0.0059 3774 2172 5146 5180
Barcode 0.0057 -927 622 1205 2453
Barcode 0.0053 -1587 -301 281 2470
Barcode 0.0052 -61 17 151 141
Barcode 0.0049 -772 1451 972 3374
Barcode 0.0048 -1312 1389 792 5162
Barcode 0.0047 3590 1001 4784 2192
Barcode 0.0047 -1272 154 29 1209
Barcode 0.0047 -957 2299 308 3429
Barcode 0.0047 -1391 3897 17 5325
Barcode 0.0045 -96 0 454 225
Barcode 0.0045 -970 2780 336 3826
Barcode 0.0044 -1484 446 151 1853
Barcode 0.0043 -938 64 180 473
Barcode 0.0042 -1096 3447 460 5636
Barcode 0.0039 3793 50 5131 3010
Barcode 0.0039 -922 3240 303 4257
Barcode 0.0038 -928 1866 360 3011
Barcode 0.0038 -10 34 1757 267
Barcode 0.0038 522 3808 2390 5382
Barcode 0.0037 2581 1925 4661 3804
Barcode 0.0037 2585 765 4654 2362
Barcode 0.0036 -447 3868 815 5390
Barcode 0.0036 1187 2054 3359 3627
Barcode 0.0035 -856 3513 271 4852
Barcode 0.0035 3563 1402 4840 2641
Barcode 0.0035 2805 384 4386 1894
Barcode 0.0034 -725 -26 1000 1376
Barcode 0.0034 -982 965 407 2245
Barcode 0.0034 2534 1835 3906 3115
Barcode 0.0033 2500 2224 3946 3550
Barcode 0.0033 -1545 3152 140 4377
Barcode 0.0032 1111 2566 3524 4064
Barcode 0.0031 -1214 303 682 3660
Barcode 0.0031 -944 1500 414 2579
Barcode 0.0031 -1528 1391 161 2674
Barcode 0.0031 -1257 4434 -120 5632
Barcode 0.0030 208 85 3469 890
Barcode 0.0028 -914 5034 287 5757
Barcode 0.0028 3909 5005 4943 5705
Barcode 0.0027 -851 4406 218 5610
Barcode 0.0027 -165 -1076 3940 2201
Barcode 0.0027 -638 3294 847 4995
Barcode 0.0026 -1184 5126 -246 5803
Barcode 0.0025 834 2915 2935 4562
Barcode 0.0024 -1491 -882 283 1410
Barcode 0.0023 2762 3469 4437 4849
Barcode 0.0023 -27 11 331 176
Barcode 0.0023 -406 -58 744 364
Barcode 0.0021 -1418 4495 31 6257
Barcode 0.0020 1222 3343 3388 4997
Barcode 0.0020 -88 49 538 320
Barcode 0.0020 2748 2583 4472 4001
Barcode 0.0019 2317 3118 4108 4401
Barcode 0.0017 3456 2469 4837 4067
Barcode 0.0015 157 42 1150 331
Barcode 0.0013 126 -901 2841 1321
Barcode 0.0011 101 56 693 245
Barcode 0.0010 3576 0 3827 152
Barcode 0.0010 147 45 1858 1007
Color Chart 0.2888 220 17 2441 235
Color Chart 0.0665 808 60 2306 215
Color Chart 0.0182 1947 20 2832 235
Color Chart 0.0163 147 51 1532 239
Color Chart 0.0154 -17 17 3642 314
Color Chart 0.0088 -1951 -599 2377 3592
Color Chart 0.0066 -1081 160 1435 4614
Color Chart 0.0062 -148 24 1065 252
Color Chart 0.0061 1181 36 3213 240
Color Chart 0.0061 -2622 2539 1333 6512
Color Chart 0.0059 2200 54 2691 208
Color Chart 0.0054 2542 -1045 5751 3192
Color Chart 0.0053 -1608 3448 271 5607
Color Chart 0.0050 485 770 4172 4723
Color Chart 0.0050 3221 2210 5106 5152
Color Chart 0.0050 199 -112 2410 392
Color Chart 0.0047 -2395 -827 2776 6218
Color Chart 0.0047 18 60 773 239
Color Chart 0.0045 1135 15 2441 185
Color Chart 0.0043 -1701 2184 428 5201
Color Chart 0.0042 2585 420 6554 6841
Color Chart 0.0040 -356 2917 3392 6113
Color Chart 0.0039 1223 -970 6240 5526
Color Chart 0.0036 3521 -5 3769 117
Color Chart 0.0036 1885 599 5427 5111
Color Chart 0.0034 -1690 503 427 4295
Color Chart 0.0032 2264 89 5017 2929
Color Chart 0.0027 -74 1501 4887 5792
Color Chart 0.0026 -28 10 347 158
Color Chart 0.0025 -876 2726 1192 5433
Color Chart 0.0024 -974 -1266 2253 2490
Color Chart 0.0023 2429 2701 4818 5557
Color Chart 0.0023 -2271 -2455 1095 2855
Color Chart 0.0020 1614 1664 3937 4835
Color Chart 0.0018 3078 3079 6037 7599
Color Chart 0.0016 168 73 624 195
Color Chart 0.0010 38 21 924 182
Scale 0.7943 1514 1529 1867 3395
Scale 0.0242 1315 1411 1984 3459
Scale 0.0141 -60 20 2247 259
Scale 0.0064 3786 2821 5073 5422
Scale 0.0057 -1085 -280 1418 2420
Scale 0.0049 1081 533 2083 3553
Scale 0.0042 3796 -227 4996 2297
Scale 0.0031 899 1722 3733 4680
Scale 0.0031 1262 938 1781 3169
Scale 0.0022 2373 -1462 4812 2696
Scale 0.0013 1666 954 2269 3088
Scale 0.0010 3442 342 4352 1556
Specimen 0.8766 1954 544 3205 2815
Specimen 0.8340 367 526 1759 2294
Specimen 0.7677 391 2545 1078 4443
Specimen 0.0242 201 2562 1556 4479
Specimen 0.0167 323 780 1580 4669
Specimen 0.0098 3784 110 4647 1226
Specimen 0.0096 177 1369 1140 4376
Specimen 0.0095 3660 331 4680 1805
Specimen 0.0095 822 501 2989 3247
Specimen 0.0088 1061 779 1864 3333
Specimen 0.0062 -686 540 2065 5073
Specimen 0.0060 3718 44 4666 528
Specimen 0.0056 3945 3630 4824 5444
Specimen 0.0048 -135 2730 844 4578
Specimen 0.0045 338 2081 2326 4404
Specimen 0.0041 3766 1588 4960 4083
Specimen 0.0037 577 1096 1571 3299
Specimen 0.0036 3568 873 5269 4767
Specimen 0.0034 3477 -386 4915 1029
Specimen 0.0033 233 77 3476 2086
Specimen 0.0028 1520 1331 2922 3263
Specimen 0.0027 758 1092 2225 3738
Specimen 0.0027 3208 2767 3732 3593
Specimen 0.0027 3744 3756 4538 5208
Specimen 0.0026 -1045 1737 1530 5574
Specimen 0.0025 3068 2509 3797 3775
Specimen 0.0024 -75 1174 1442 2547
Specimen 0.0024 3854 1270 4736 3264
Specimen 0.0023 -869 1143 -20 2546
Specimen 0.0023 -907 3625 -3 5241
Specimen 0.0023 210 3045 1122 4926
Specimen 0.0022 -934 2136 22 3677
Specimen 0.0022 -908 -16 -52 423
Specimen 0.0021 -877 451 0 1933
Specimen 0.0020 2929 2697 3599 3662
Specimen 0.0020 3651 1121 4627 2556
Specimen 0.0020 131 -191 2344 507
Specimen 0.0020 -639 1829 131 3182
Specimen 0.0019 3307 1726 4491 4064
Specimen 0.0019 -543 2631 78 3284
Specimen 0.0019 -725 3942 -64 4938
Specimen 0.0019 -528 2844 64 3494
Specimen 0.0019 3072 2959 3802 4163
Specimen 0.0018 -526 2178 86 2865
Specimen 0.0018 3932 2000 4664 3413
Specimen 0.0018 -661 2485 124 3814
Specimen 0.0018 1888 488 4186 3142
Specimen 0.0018 -892 3081 -28 4494
Specimen 0.0018 -537 3071 61 3720
Specimen 0.0017 -561 3882 28 4606
Specimen 0.0017 -764 2520 -84 3410
Specimen 0.0017 3967 -36 4723 362
Specimen 0.0017 -549 3499 53 4150
Specimen 0.0017 -750 948 -46 1846
Specimen 0.0017 -670 3360 104 4677
Specimen 0.0017 2832 2291 3670 3535
Specimen 0.0016 -657 -59 174 1165
Specimen 0.0016 -764 3404 -79 4276
Specimen 0.0016 -1068 4126 -226 5544
Specimen 0.0016 -660 2949 110 4225
Specimen 0.0016 4106 1041 4895 2649
Specimen 0.0016 -755 2980 -90 3833
Specimen 0.0015 666 1057 1433 2222
Specimen 0.0015 3627 2406 4616 4289
Specimen 0.0015 2955 -906 6083 6335
Specimen 0.0015 -766 2094 -81 2976
Specimen 0.0015 2480 2702 3521 3966
Specimen 0.0015 194 3015 1873 5103
Specimen 0.0015 -541 1729 96 2426
Specimen 0.0015 3971 5324 4706 5654
Specimen 0.0015 4136 2998 4873 4571
Specimen 0.0015 -553 4202 21 5138
Specimen 0.0015 3636 3291 4635 4710
Specimen 0.0015 3991 1346 4699 2326
Specimen 0.0014 -763 297 -69 1176
Specimen 0.0014 -1006 5358 -180 5650
Specimen 0.0014 3237 2682 4042 3990
Specimen 0.0013 -970 5026 -316 5638
Specimen 0.0013 2949 -1214 6025 2602
Specimen 0.0013 -1250 1634 -69 3299
Specimen 0.0013 -655 997 142 2287
Specimen 0.0013 3973 1754 4714 2765
Specimen 0.0013 -1244 782 -81 2435
Specimen 0.0013 -1078 4421 -632 5675
Specimen 0.0013 4114 2247 4902 4031
Specimen 0.0013 4057 3624 4673 4787
Specimen 0.0012 2683 2965 3343 3854
Specimen 0.0012 3845 1132 4554 2097
Specimen 0.0012 2973 3169 3643 3980
Specimen 0.0012 -1012 3876 -235 4988
Specimen 0.0012 2267 3175 2933 4078
Specimen 0.0012 3153 2155 4161 3621
Specimen 0.0012 2028 3148 3159 4402
Specimen 0.0012 -584 -60 122 357
Specimen 0.0012 2030 1533 3349 3009
Specimen 0.0012 3609 1409 4213 2316
Specimen 0.0012 3960 3248 4700 4417
Specimen 0.0011 3926 2485 4681 3826
Specimen 0.0011 553 -550 4057 2881
Specimen 0.0011 -672 329 171 1640
Specimen 0.0011 -966 2 -273 646
Specimen 0.0011 704 938 2316 2314
Specimen 0.0011 1383 3605 2502 4805
Specimen 0.0011 2787 3117 3700 4405
Specimen 0.0011 -1261 2737 -102 4368
Specimen 0.0011 3467 1526 4327 2997
Specimen 0.0011 374 905 1692 1815
Specimen 0.0011 4109 231 4907 2137
Specimen 0.0011 -395 -956 2522 2188
Specimen 0.0011 -1111 126 -185 1395
Specimen 0.0011 1885 3019 2869 4093
Specimen 0.0011 2063 2780 3126 3928
Specimen 0.0011 4292 3296 4772 4232
Specimen 0.0010 -550 780 65 1658
Specimen 0.0010 187 856 1240 2299
Specimen 0.0010 3608 1839 4224 2748
Specimen 0.0010 -940 70 -320 1080
Specimen 0.0010 2460 3194 3232 3954
Specimen 0.0010 1641 3424 2690 4561
Specimen 0.0010 3243 3131 4031 4400
Specimen 0.0010 3591 296 4248 1201
Specimen 0.0010 3213 1845 4085 3102
Specimen 0.0010 4210 1579 4824 2578
Specimen 0.0010 -477 2193 408 4054
Specimen 0.0010 4257 1111 4779 2098
Specimen 0.0010 -1049 161 -535 931
