Label 0.8803 2490 4474 3733 5605
Label 0.7883 138 5093 1052 5535
Label 0.0727 2687 6 3731 157
Label 0.0338 -17 13 187 164
Label 0.0329 2937 230 3689 549
Label 0.0175 3447 2873 4900 5347
Label 0.0130 3514 -11 4834 2088
Label 0.0116 3694 3401 4721 4941
Label 0.0108 2756 33 3704 243
Label 0.0091 4012 2986 4810 4481
Label 0.0086 3658 916 4731 2217
Label 0.0084 3829 2367 5049 4958
Label 0.0076 310 5152 832 5484
Label 0.0070 1041 4505 2664 5606
Label 0.0065 2894 2114 5439 6064
Label 0.0058 2795 214 3754 749
Label 0.0052 4033 1287 4831 2720
Label 0.0049 678 4095 3042 5795
Label 0.0045 -186 4830 883 5537
Label 0.0044 3791 889 5041 2989
Label 0.0044 -646 3451 1085 5586
Label 0.0043 2636 -733 5678 3760
Label 0.0040 1117 3791 2577 5408
Label 0.0040 2607 5511 3606 5609
Label 0.0038 127 4865 1633 5540
Label 0.0038 61 3282 3850 6496
Label 0.0037 -247 2987 1447 5313
Label 0.0036 94 3603 1871 5316
Label 0.0036 3936 4384 4877 5592
Label 0.0035 3905 1925 4896 3772
Label 0.0035 794 4844 2949 5764
Label 0.0034 -70 -263 3874 703
Label 0.0032 2451 4463 3687 4978
Label 0.0032 3608 5002 4690 5637
Label 0.0031 142 3900 1064 5339
Label 0.0031 3440 -472 4909 1084
Label 0.0031 -1052 3906 394 5956
Label 0.0029 -67 58 154 216
Label 0.0029 2733 4055 4343 5248
Label 0.0028 2820 -45 3799 1136
Label 0.0028 3646 1342 5241 4292
Label 0.0028 1710 1832 3872 4670
Label 0.0027 460 -38 4013 1189
Label 0.0026 3218 1417 3724 2311
Label 0.0026 -122 1 213 237
Label 0.0026 3593 4241 4676 5706
Label 0.0026 2636 -147 4632 2316
Label 0.0026 -378 4274 1003 5798
Label 0.0025 3222 1878 3729 2707
Label 0.0024 2815 4728 4024 5642
Label 0.0024 3841 1176 4547 2067
Label 0.0023 3795 4681 5085 5936
Label 0.0023 -837 3162 1360 6664
Label 0.0023 -64 -100 2227 366
Label 0.0023 439 5100 2404 5654
Label 0.0022 2250 -1249 4254 2363
Label 0.0022 2502 5361 3621 5630
Label 0.0022 444 3138 2410 5131
Label 0.0022 2186 379 4215 2649
Label 0.0021 -685 2795 -71 3471
Label 0.0021 3821 3575 4553 4419
Label 0.0021 -688 2381 -65 3018
Label 0.0021 -725 1914 -64 2626
Label 0.0021 -674 3009 -81 3703
Label 0.0020 3213 2326 3758 3162
Label 0.0020 15 4956 1035 5732
Label 0.0020 -681 2603 -66 3223
Label 0.0020 3758 5350 4650 5623
Label 0.0019 29 -3 1394 1352
Label 0.0019 3210 2744 3761 3602
Label 0.0019 -514 -75 1728 2210
Label 0.0019 -658 -1326 2102 2537
Label 0.0018 2760 4644 3568 5513
Label 0.0018 1017 3945 1674 4976
Label 0.0018 -484 2154 70 2818
Label 0.0017 -684 3404 -83 4147
Label 0.0017 3124 1075 3789 2190
Label 0.0017 -41 4473 1857 5582
Label 0.0017 -87 2256 2105 5002
Label 0.0017 3184 2 3815 155
Label 0.0017 -478 1938 65 2594
Label 0.0017 2980 38 3480 93
Label 0.0016 1716 2995 3771 5099
Label 0.0016 2922 1603 3592 2584
Label 0.0016 2325 5446 3359 5656
Label 0.0016 -460 3208 49 3895
Label 0.0016 3188 3324 3726 4289
Label 0.0016 2869 43 3362 105
Label 0.0016 3855 3136 4555 3999
Label 0.0015 1348 33 4043 369
Label 0.0015 150 5438 1099 5605
Label 0.0015 3375 1464 3889 2268
Label 0.0014 2907 2276 3600 3222
Label 0.0014 3803 591 4545 1864
Label 0.0014 373 49 1364 302
Label 0.0014 -775 4663 -98 5547
Label 0.0014 3334 14 3711 119
Label 0.0014 3865 1840 4566 2681
Label 0.0014 -113 8 174 455
Label 0.0013 3367 1924 3896 2673
Label 0.0013 3055 3645 5143 6941
Label 0.0013 -954 4618 -392 5582
Label 0.0013 -610 -33 206 297
Label 0.0013 -802 -664 1228 1085
Label 0.0013 1355 4663 2146 5560
Label 0.0013 -471 3617 48 4333
Label 0.0013 2528 4401 3621 4748
Label 0.0013 3781 4670 4630 5556
Label 0.0012 382 2579 1458 3557
Label 0.0012 2700 2300 3350 3208
Label 0.0012 3361 3411 3904 4209
Label 0.0012 3339 3002 3933 3763
Label 0.0011 2087 2954 2708 3731
Label 0.0011 3423 2697 3892 3513
Label 0.0011 1358 3903 2040 5042
Label 0.0011 4279 5359 4818 5658
Label 0.0011 3595 1176 4209 2122
Label 0.0011 -556 4403 71 5364
Label 0.0011 1582 4066 2253 5288
Label 0.0010 -977 1861 -257 2673
Label 0.0010 3386 1216 3913 2007
Label 0.0010 3846 2703 4583 3557
Label 0.0010 2516 2540 3141 3399
Label 0.0010 2199 2775 3029 3487
Label 0.0010 -983 2730 -218 3527
Label 0.0010 3652 3649 4193 4337
Label 0.0010 3660 1008 4182 1797
Label 0.0010 2466 2905 3164 3933
Label 0.0010 -978 2310 -209 3090
Label 0.0010 1848 3316 2470 4305
Label 0.0010 2499 2383 3197 3036
Label 0.0010 1362 3031 1710 3637
Label 0.0010 2059 3327 2672 4302
Label 0.0010 -855 5046 14 5596
Label 0.0010 3184 755 3754 1677
Barcode 0.8570 3001 277 3706 554
Barcode 0.0363 355 36 2231 248
Barcode 0.0273 -14 47 189 182
Barcode 0.0083 -944 3375 217 4946
Barcode 0.0079 -1296 692 682 4956
Barcode 0.0063 -967 2137 225 3597
Barcode 0.0063 842 37 1722 268
Barcode 0.0061 -577 3273 907 5030
Barcode 0.0059 -1502 -300 209 2485
Barcode 0.0055 -929 2703 242 3892
Barcode 0.0054 -1355 3743 -22 5373
Barcode 0.0050 -1257 162 23 1225
Barcode 0.0047 3685 31 4681 558
Barcode 0.0045 -1445 3127 44 4369
Barcode 0.0044 -908 65 153 485
Barcode 0.0043 -1007 804 361 2374
Barcode 0.0042 -1407 438 95 1861
Barcode 0.0042 1869 1670 3609 3122
Barcode 0.0042 323 402 1216 958
Barcode 0.0039 -791 601 1067 2519
Barcode 0.0036 -711 46 1003 1273
Barcode 0.0035 35 3391 1182 5015
Barcode 0.0034 -1255 4345 -138 5651
Barcode 0.0034 -1455 1313 73 2727
Barcode 0.0031 1376 2002 3175 3759
Barcode 0.0031 -618 2578 760 3988
Barcode 0.0030 2949 193 4035 991
Barcode 0.0030 2835 338 4379 1912
Barcode 0.0030 -1472 -862 259 1382
Barcode 0.0029 2524 1306 3913 2706
Barcode 0.0028 -101 -6 438 212
Barcode 0.0027 2836 3409 4377 4862
Barcode 0.0027 -1184 5106 -255 5796
Barcode 0.0027 -214 2998 1368 4460
Barcode 0.0026 -959 5047 302 5749
Barcode 0.0026 893 2799 2876 4636
Barcode 0.0025 2344 2661 4076 3963
Barcode 0.0025 801 3479 2104 4954
Barcode 0.0024 1172 2491 2650 3963
Barcode 0.0024 -482 -68 791 400
Barcode 0.0023 2413 3033 3995 4422
Barcode 0.0022 -46 41 1346 278
Barcode 0.0022 2715 1715 4578 3193
Barcode 0.0022 -149 441 1355 1738
Barcode 0.0022 -1397 4490 21 6240
Barcode 0.0022 1240 3279 3331 5010
Barcode 0.0021 3110 270 3602 472
Barcode 0.0021 370 -1048 4103 2159
Barcode 0.0020 1891 2230 3721 3533
Barcode 0.0019 661 76 3813 940
Barcode 0.0019 -459 1699 834 3797
Barcode 0.0019 685 2997 2175 4403
Barcode 0.0016 3751 -631 5139 1205
Barcode 0.0013 2119 40 2780 213
Barcode 0.0013 3416 2616 4960 4018
Barcode 0.0012 -33 17 325 161
Barcode 0.0010 52 -1014 2929 1418
Color Chart 0.2270 156 0 2464 204
Color Chart 0.0549 733 43 2215 186
Color Chart 0.0141 125 38 1541 208
Color Chart 0.0095 803 26 3468 210
Color Chart 0.0094 1941 25 2961 218
Color Chart 0.0089 -2226 1779 1711 6376
Color Chart 0.0074 -880 2746 1240 5477
Color Chart 0.0074 -1640 2813 278 5372
Color Chart 0.0066 2684 -1006 5660 3207
Color Chart 0.0060 -1960 -981 2419 3939
Color Chart 0.0056 948 249 4639 4409
Color Chart 0.0053 -1736 870 427 4747
Color Chart 0.0049 -3204 -378 1889 5819
Color Chart 0.0049 -29 2658 3048 6245
Color Chart 0.0048 2267 5475 2609 5576
Color Chart 0.0044 2722 970 6414 6358
Color Chart 0.0044 -959 -34 1286 3017
Color Chart 0.0043 1580 1059 3935 3622
Color Chart 0.0041 -211 15 1179 237
Color Chart 0.0033 1242 -1412 6302 4370
Color Chart 0.0033 2023 1769 4398 4740
Color Chart 0.0032 -153 1378 4104 5853
Color Chart 0.0031 584 67 3263 278
Color Chart 0.0027 2178 824 4234 3075
Color Chart 0.0027 2296 5432 2593 5554
Color Chart 0.0025 -21 23 831 174
Color Chart 0.0025 -2330 2955 1045 7749
Color Chart 0.0025 -2273 -2337 1080 2735
Color Chart 0.0024 3132 2745 5212 6238
Color Chart 0.0024 358 -1676 7211 7030
Color Chart 0.0022 1202 16 2603 183
Color Chart 0.0020 605 3479 4025 7052
Color Chart 0.0018 1769 -816 4690 2921
Color Chart 0.0018 134 -142 2437 384
Color Chart 0.0018 1346 1843 5216 6240
Color Chart 0.0018 -36 16 340 146
Color Chart 0.0017 -463 1424 1929 4898
Color Chart 0.0017 1966 747 5380 5000
Color Chart 0.0015 3163 3177 5939 7501
Color Chart 0.0014 2950 2541 3639 3293
Color Chart 0.0012 1413 60 2432 221
Color Chart 0.0012 2223 60 2709 190
Color Chart 0.0012 2064 5490 2670 5580
Color Chart 0.0010 -971 2956 -239 3739
Color Chart 0.0010 425 1315 2698 4890
Scale 0.7877 1367 1741 1760 3647
Scale 0.0472 1200 1602 1906 3753
Scale 0.0103 -29 32 3749 340
Scale 0.0099 -1242 2726 541 5493
Scale 0.0088 3808 2853 4980 5346
Scale 0.0049 644 1313 2385 3137
Scale 0.0043 3833 357 4981 2654
Scale 0.0037 106 -14 2094 264
Scale 0.0033 1299 1086 2110 3378
Scale 0.0033 -974 -586 1355 1864
Scale 0.0031 877 972 1952 3985
Scale 0.0027 1484 2048 1756 3231
Scale 0.0021 947 1705 2871 4628
Scale 0.0020 974 2911 3558 5218
Scale 0.0018 3673 688 4636 2100
Scale 0.0014 293 2127 2610 5130
Scale 0.0011 3742 265 4640 1627
Specimen 0.8292 255 1199 1261 3602
Specimen 0.7166 298 449 2819 2405
Specimen 0.2757 477 574 2386 3896
Specimen 0.0880 1347 4812 1530 5007
Specimen 0.0633 2380 1240 2832 1697
Specimen 0.0202 1385 4771 1570 4985
Specimen 0.0149 966 420 2200 2378
Specimen 0.0109 1296 4767 1504 4980
Specimen 0.0097 387 1323 2270 3105
Specimen 0.0077 3760 93 4640 1248
Specimen 0.0074 218 1310 772 3318
Specimen 0.0071 919 1003 1685 3433
Specimen 0.0065 1033 4640 1985 5417
Specimen 0.0064 2149 1908 2532 2395
Specimen 0.0063 1063 3950 1878 5162
Specimen 0.0063 1058 750 1996 3179
Specimen 0.0054 3724 3788 4717 5375
Specimen 0.0051 1986 1609 2749 2424
Specimen 0.0050 364 458 1533 1047
Specimen 0.0049 3869 161 4835 1988
Specimen 0.0048 1390 4802 1581 5128
Specimen 0.0047 604 827 1496 3243
Specimen 0.0044 723 3584 2216 5319
Specimen 0.0042 -896 3511 11 5353
Specimen 0.0042 246 2502 1353 3453
Specimen 0.0041 -222 1018 801 3550
Specimen 0.0041 1147 1120 3464 4423
Specimen 0.0039 183 444 2009 1609
Specimen 0.0036 815 4329 2184 5641
Specimen 0.0034 207 306 1649 3317
Specimen 0.0032 -1673 82 2071 5306
Specimen 0.0032 950 1584 2668 4008
Specimen 0.0032 2023 2007 2487 2457
Specimen 0.0031 1220 4681 1601 5173
Specimen 0.0031 1841 1778 2660 2773
Specimen 0.0031 2064 1285 3214 2564
Specimen 0.0030 3988 3163 4675 4481
Specimen 0.0029 -889 1887 -2 3515
Specimen 0.0027 3766 3568 4505 4944
Specimen 0.0027 1295 4416 1613 5028
Specimen 0.0027 -676 735 1165 4647
Specimen 0.0027 1858 932 3463 2865
Specimen 0.0026 1815 1048 2731 2645
Specimen 0.0026 3890 1254 4738 2857
Specimen 0.0025 2233 1018 2910 1891
Specimen 0.0025 3829 1669 4779 3721
Specimen 0.0025 -902 -24 -55 426
Specimen 0.0025 -871 2641 -16 4060
Specimen 0.0024 -753 2729 -78 3592
Specimen 0.0024 1318 198 4182 3609
Specimen 0.0024 -754 2318 -79 3148
Specimen 0.0024 1494 1093 2982 3503
Specimen 0.0024 3650 935 4651 2309
Specimen 0.0024 -907 981 -5 2713
Specimen 0.0024 -1242 3067 -57 4902
Specimen 0.0023 -1058 3832 -187 5036
Specimen 0.0023 -760 1899 -95 2706
Specimen 0.0022 3797 1380 4532 2379
Specimen 0.0022 -793 3537 -67 4529
Specimen 0.0022 422 216 2700 1447
Specimen 0.0022 1949 1184 2773 1724
Specimen 0.0021 38 65 3620 1149
Specimen 0.0021 3105 2340 3793 3504
Specimen 0.0021 -1235 2154 -61 4075
Specimen 0.0021 1290 4800 1517 5113
Specimen 0.0020 4124 2914 4871 4651
Specimen 0.0020 -769 3186 -60 4017
Specimen 0.0020 -655 2219 146 3634
Specimen 0.0020 72 2089 1274 4097
Specimen 0.0020 -542 2423 88 3034
Specimen 0.0020 1563 804 3134 1812
Specimen 0.0020 -786 860 -102 2009
Specimen 0.0019 4119 1049 4885 2642
Specimen 0.0019 3596 2188 4672 4068
Specimen 0.0019 -776 1348 -98 2375
Specimen 0.0019 -4 3772 900 5510
Specimen 0.0018 -556 2643 97 3246
Specimen 0.0018 3923 -34 4693 464
Specimen 0.0018 -1224 1372 -82 3154
Specimen 0.0018 -1046 4293 -249 5396
Specimen 0.0018 -653 -52 166 1153
Specimen 0.0018 3095 1935 3795 3061
Specimen 0.0018 -17 -848 3685 2091
Specimen 0.0018 -540 3085 88 3675
Specimen 0.0017 -526 2190 82 2838
Specimen 0.0017 -534 2849 88 3464
Specimen 0.0017 -15 1293 603 3264
Specimen 0.0017 -824 4374 -2 5330
Specimen 0.0017 3767 3288 4510 4360
Specimen 0.0017 3094 2747 3802 3942
Specimen 0.0017 2479 2628 3535 4044
Specimen 0.0016 3984 5327 4708 5650
Specimen 0.0016 -667 1606 171 2969
Specimen 0.0016 2789 2507 3686 3737
Specimen 0.0016 -615 2941 103 4226
Specimen 0.0016 325 165 1606 1256
Specimen 0.0016 210 3595 2897 6158
Specimen 0.0016 -530 3283 83 3891
Specimen 0.0016 2325 5423 2566 5575
Specimen 0.0016 -1232 418 -70 2356
Specimen 0.0016 -524 1968 78 2623
Specimen 0.0015 3769 1811 4571 2808
Specimen 0.0015 -70 606 1218 2563
Specimen 0.0015 2513 2302 3504 3511
Specimen 0.0015 1283 4502 2215 5281
Specimen 0.0015 -539 3501 81 4110
Specimen 0.0015 2781 2094 3695 3291
Specimen 0.0014 2823 1441 3674 2653
Specimen 0.0014 -1044 3436 -290 4656
Specimen 0.0014 -553 368 49 1203
Specimen 0.0014 -971 4986 -318 5661
Specimen 0.0014 -651 3327 146 4703
Specimen 0.0014 2016 2698 3176 3995
Specimen 0.0014 -775 254 -118 1320
Specimen 0.0013 -1143 4107 -544 5573
Specimen 0.0013 2067 2899 2679 3875
Specimen 0.0013 2322 2090 3303 3311
Specimen 0.0013 3273 2488 4003 3744
Specimen 0.0013 2708 2526 3339 3410
Specimen 0.0013 2029 2253 3160 3585
Specimen 0.0013 4074 2326 4903 3952
Specimen 0.0013 3957 1985 4719 2992
Specimen 0.0013 -651 4167 186 5557
Specimen 0.0013 2265 2920 2921 3892
Specimen 0.0013 3751 2879 4536 3921
Specimen 0.0012 -1039 5356 -165 5663
Specimen 0.0012 1888 2519 2880 3748
Specimen 0.0012 -826 83 -18 945
Specimen 0.0012 2900 2881 3587 3929
Specimen 0.0012 3237 1455 4027 2636
Specimen 0.0012 -594 3887 77 5029
Specimen 0.0012 -1038 2193 -252 3301
Specimen 0.0012 190 -186 2260 555
Specimen 0.0012 2512 1837 3527 3106
Specimen 0.0012 4219 1351 4769 2284
Specimen 0.0012 -1084 4641 -608 5537
Specimen 0.0012 3338 2584 3931 3323
Specimen 0.0012 2690 2897 3349 3923
Specimen 0.0012 -1042 2626 -263 3731
Specimen 0.0012 -1045 3079 -265 4161
Specimen 0.0012 -1030 1800 -291 2828
Specimen 0.0011 4030 2846 4706 3874
Specimen 0.0011 -657 378 160 1595
Specimen 0.0011 4236 3231 4763 4276
Specimen 0.0011 1211 3992 1571 4970
Specimen 0.0011 2166 2186 2474 2429
Specimen 0.0011 -1055 1213 -280 2530
Specimen 0.0011 1432 4732 1686 4950
Specimen 0.0011 3326 1765 4468 3608
Specimen 0.0011 3430 3356 4347 4621
Specimen 0.0011 3253 2903 4014 4191
Specimen 0.0011 3576 1411 4222 2329
Specimen 0.0011 1508 1463 2272 3522
Specimen 0.0011 4109 3419 4927 5442
Specimen 0.0011 3249 2059 4035 3312
Specimen 0.0010 -966 6 -273 649
Specimen 0.0010 1253 1702 2574 3272
Specimen 0.0010 4180 1773 4814 2795
Specimen 0.0010 -1384 1868 -304 3532
Specimen 0.0010 4196 810 4808 2025
Specimen 0.0010 307 2127 1810 3275
Specimen 0.0010 -550 806 57 1612
Specimen 0.0010 2145 2263 2397 2378
Specimen 0.0010 1915 2962 2850 4141
Specimen 0.0010 952 3617 1623 4897
Specimen 0.0010 62 1693 2085 4578
Specimen 0.0010 3237 1039 4034 2193
Specimen 0.0010 -1031 103 -616 1050
Specimen 0.0010 -482 3816 50 4564
Specimen 0.0010 930 -50 3580 2301
