Label 0.8594 2351 4251 3688 5455
Label 0.8092 130 4746 1061 5327
Label 0.0284 2604 4367 3436 5293
Label 0.0136 145 4784 947 4938
Label 0.0120 314 4855 825 5218
Label 0.0113 3453 2861 4880 5327
Label 0.0086 3350 2000 4986 4432
Label 0.0086 3503 -33 4849 2152
Label 0.0081 3662 3724 4711 5347
Label 0.0081 3226 4291 3655 4418
Label 0.0072 210 4251 3529 5616
Label 0.0072 3678 295 4640 1804
Label 0.0068 -915 -547 191 1970
Label 0.0054 3360 645 5003 3322
Label 0.0050 -1155 3449 424 5566
Label 0.0049 3654 5012 4673 5660
Label 0.0048 3700 4410 4659 5522
Label 0.0046 3111 3319 3830 4296
Label 0.0045 245 4992 3501 5707
Label 0.0044 2422 3271 3712 4651
Label 0.0044 2361 4288 2602 4476
Label 0.0043 103 5126 1138 5441
Label 0.0043 70 -361 3672 838
Label 0.0041 2976 104 3731 572
Label 0.0040 3093 4231 3729 5087
Label 0.0039 2440 4052 2759 4278
Label 0.0038 3449 4658 4826 5950
Label 0.0038 2982 4354 3866 5425
Label 0.0033 -1340 2332 1785 6614
Label 0.0031 -555 3896 948 5368
Label 0.0031 -482 379 1696 4395
Label 0.0031 -1069 -1086 1445 1465
Label 0.0030 3847 4020 4983 5838
Label 0.0030 3203 3603 3641 4323
Label 0.0030 -451 4947 1076 5643
Label 0.0027 -2 4245 1188 5384
Label 0.0027 2852 3260 4193 4730
Label 0.0026 2865 -379 3933 960
Label 0.0026 2696 5015 4467 5818
Label 0.0026 1543 4595 4019 6112
Label 0.0025 1802 5002 3787 5742
Label 0.0025 1336 3852 3186 5264
Label 0.0024 2951 3482 3603 4242
Label 0.0024 -398 -314 2450 1579
Label 0.0023 2806 -331 4333 1680
Label 0.0022 2452 -921 4829 2106
Label 0.0022 2560 3629 3598 4324
Label 0.0022 2484 4259 4769 6380
Label 0.0021 36 95 2056 2005
Label 0.0021 -675 3027 -69 3718
Label 0.0021 -171 4357 1188 6105
Label 0.0021 3225 4181 3655 4493
Label 0.0020 -820 4118 -79 5222
Label 0.0020 -497 2879 1631 5263
Label 0.0019 -1159 4505 559 6142
Label 0.0019 3004 4270 3616 4582
Label 0.0019 2693 3709 3063 3981
Label 0.0018 3035 3100 5286 6701
Label 0.0018 -683 3415 -71 4160
Label 0.0018 2842 3839 4139 5374
Label 0.0018 -487 3213 54 3914
Label 0.0018 2101 2012 5255 5993
Label 0.0017 3813 4166 4578 5163
Label 0.0017 4338 2506 4768 3290
Label 0.0017 -518 1499 52 2179
Label 0.0017 -690 2828 -57 3469
Label 0.0017 4335 2939 4771 3726
Label 0.0017 3246 4316 3636 4537
Label 0.0017 4335 2070 4768 2852
Label 0.0017 578 3836 4028 6771
Label 0.0017 -524 1945 59 2604
Label 0.0017 3924 2478 4734 3420
Label 0.0016 2343 4315 2619 4576
Label 0.0016 3958 5381 4743 5634
Label 0.0016 3753 1407 4582 2346
Label 0.0015 4320 1420 4767 2198
Label 0.0015 1624 5413 3597 5641
Label 0.0015 2471 3997 3017 4439
Label 0.0015 -116 4597 3013 5935
Label 0.0015 3846 1843 4561 2678
Label 0.0015 3865 2719 4558 3558
Label 0.0014 -1033 4023 -289 5325
Label 0.0014 -711 3814 -74 4621
Label 0.0014 4225 2352 4869 3087
Label 0.0014 3703 1901 4203 2631
Label 0.0014 4327 3341 4776 4178
Label 0.0014 2342 4203 3700 4759
Label 0.0014 4231 1923 4866 2647
Label 0.0014 -120 -4 1944 211
Label 0.0014 3938 2066 4728 2970
Label 0.0014 3861 2324 4580 3066
Label 0.0014 -826 5034 -71 5641
Label 0.0014 4225 2776 4864 3529
Label 0.0014 -511 2636 75 3223
Label 0.0014 3678 1486 4208 2181
Label 0.0014 -493 3633 50 4341
Label 0.0013 1034 2827 1910 3373
Label 0.0013 -523 1015 70 1774
Label 0.0013 2474 3924 2825 4221
Label 0.0013 2670 5439 3834 5657
Label 0.0012 -780 4691 -105 5533
Label 0.0012 -707 1711 -60 2410
Label 0.0012 -531 2406 92 3007
Label 0.0012 2409 5242 3605 5418
Label 0.0012 3751 5286 4569 5659
Label 0.0012 2542 3631 3009 4037
Label 0.0012 199 5381 1969 5677
Label 0.0012 3768 946 4569 1952
Label 0.0012 2376 4321 2800 4622
Label 0.0012 3410 3672 3799 4350
Label 0.0012 4225 3214 4859 3957
Label 0.0012 1394 -614 4057 1099
Label 0.0011 2600 3798 2979 4055
Label 0.0011 4066 2932 4692 3747
Label 0.0011 373 4673 1858 5439
Label 0.0011 -703 2189 -52 2795
Label 0.0011 4247 1005 4837 1847
Label 0.0011 3712 2763 4203 3501
Label 0.0011 3847 3369 4582 4224
Label 0.0011 2480 4802 3821 5655
Label 0.0011 132 4625 1558 5208
Label 0.0011 -1015 3746 -233 4677
Label 0.0011 -587 4048 86 4851
Label 0.0011 -952 4629 -398 5584
Label 0.0010 2731 3464 3001 3742
Label 0.0010 1217 2898 1743 3517
Label 0.0010 -714 1219 -36 2022
Label 0.0010 2641 3437 2932 3772
Label 0.0010 -965 2965 -251 3753
Label 0.0010 -564 -11 77 688
Label 0.0010 0 5436 930 5622
Label 0.0010 3651 4763 4221 5459
Label 0.0010 943 32 1695 475
Label 0.0010 -615 -71 176 336
Label 0.0010 3718 3220 4197 3921
Label 0.0010 4276 5366 4817 5673
Label 0.0010 -880 5380 45 5656
Label 0.0010 2206 4195 2931 4692
Barcode 0.7550 2943 177 3631 453
Barcode 0.0098 -1025 -82 298 3099
Barcode 0.0088 -1299 -620 192 1998
Barcode 0.0085 3714 72 4637 1231
Barcode 0.0082 -1154 140 -1 1227
Barcode 0.0077 -935 774 223 2283
Barcode 0.0077 -919 65 111 501
Barcode 0.0075 3664 7 4674 543
Barcode 0.0069 3517 2601 4783 3924
Barcode 0.0068 -1228 2810 556 5401
Barcode 0.0062 -904 3439 216 4818
Barcode 0.0061 -860 2667 208 3867
Barcode 0.0059 3579 1480 4751 2542
Barcode 0.0059 3517 3031 4785 4424
Barcode 0.0059 3636 970 4704 2149
Barcode 0.0054 -884 3123 246 4272
Barcode 0.0053 -954 1316 298 2628
Barcode 0.0053 -1434 3084 45 4403
Barcode 0.0049 -1221 585 569 5049
Barcode 0.0048 -1405 3825 16 5336
Barcode 0.0047 3411 -642 4941 1232
Barcode 0.0044 -968 1888 215 3751
Barcode 0.0043 3241 4256 3642 4426
Barcode 0.0041 3497 1773 4786 3061
Barcode 0.0041 -717 2331 971 4229
Barcode 0.0039 -859 53 1070 1299
Barcode 0.0038 -744 3322 997 4943
Barcode 0.0038 3849 265 4896 1868
Barcode 0.0036 -3 -16 2845 321
Barcode 0.0036 -767 -110 1080 538
Barcode 0.0035 3858 2211 4998 3626
Barcode 0.0035 3774 307 5212 3668
Barcode 0.0034 -104 1384 1257 3479
Barcode 0.0034 3712 2100 5217 5260
Barcode 0.0032 -1419 1677 41 3192
Barcode 0.0029 -196 486 1388 1801
Barcode 0.0028 2664 1810 4496 3927
Barcode 0.0028 -41 824 1256 2175
Barcode 0.0027 -1279 4399 -99 5645
Barcode 0.0026 -90 87 2114 1208
Barcode 0.0026 2929 2651 4146 4001
Barcode 0.0026 3905 5025 4949 5733
Barcode 0.0025 -805 732 1002 2367
Barcode 0.0025 -944 5019 297 5781
Barcode 0.0025 -507 -239 1683 2379
Barcode 0.0024 -1196 5103 -235 5810
Barcode 0.0022 2601 1219 4573 2700
Barcode 0.0019 2895 -76 4115 1406
Barcode 0.0018 14 2617 1214 4777
Barcode 0.0018 3083 166 3564 339
Barcode 0.0017 1626 -3 3737 447
Barcode 0.0017 1413 3261 1764 3540
Barcode 0.0014 2605 4090 2854 4250
Barcode 0.0013 2655 2439 2987 2640
Barcode 0.0012 -118 -1438 3186 1768
Barcode 0.0011 1366 -1631 4183 1966
Color Chart 0.0101 46 -3 2547 189
Color Chart 0.0081 -2631 -976 1375 3151
Color Chart 0.0081 860 -31 3509 163
Color Chart 0.0077 -1683 2400 348 4933
Color Chart 0.0076 -2678 2008 1377 6183
Color Chart 0.0073 -1556 411 205 3401
Color Chart 0.0062 -2215 -654 2675 6084
Color Chart 0.0058 -1592 3442 225 5575
Color Chart 0.0054 -1104 379 1491 5240
Color Chart 0.0047 2650 -1250 5714 3431
Color Chart 0.0045 2034 775 6200 5630
Color Chart 0.0043 -1644 -1690 2982 2880
Color Chart 0.0040 2616 2129 5684 6069
Color Chart 0.0039 -1053 2817 1361 5349
Color Chart 0.0028 -1056 2005 2446 6061
Color Chart 0.0027 2874 3243 5416 7407
Color Chart 0.0024 2502 376 4775 3380
Color Chart 0.0023 2153 -1515 7125 4590
Color Chart 0.0021 -2360 2988 1070 7710
Color Chart 0.0016 1437 3376 1722 3602
Color Chart 0.0015 1319 3292 1853 3553
Color Chart 0.0013 3643 1482 4211 2228
Color Chart 0.0012 3844 3554 4584 4472
Scale 0.7100 2473 356 3685 2133
Scale 0.0213 2924 125 3593 556
Scale 0.0099 1085 -17 3667 172
Scale 0.0051 3794 3272 4977 5688
Scale 0.0041 3809 -242 5056 2355
Scale 0.0038 -1021 -797 1338 2028
Scale 0.0030 2369 538 4879 5042
Scale 0.0028 2814 -53 3720 1137
Scale 0.0024 2524 -2137 4617 2552
Scale 0.0022 2457 922 3519 2756
Scale 0.0017 3725 1071 4606 2177
Scale 0.0015 1278 -7 3471 396
Scale 0.0014 3711 1423 4581 2659
Scale 0.0013 3769 156 4616 1356
Scale 0.0011 3544 1677 4273 2842
Scale 0.0011 3717 518 4619 1839
Scale 0.0011 3555 1325 4273 2329
Scale 0.0010 1887 25 3613 1161
Scale 0.0010 2605 440 3574 1479
Scale 0.0010 1242 3325 1521 4116
Specimen 0.8285 196 155 3336 5577
Specimen 0.2145 2010 2737 3691 4265
Specimen 0.0729 1541 531 3824 5221
Specimen 0.0499 2479 317 3755 2256
Specimen 0.0246 1306 2448 3662 4806
Specimen 0.0225 890 3101 2739 5194
Specimen 0.0221 1355 219 3503 2607
Specimen 0.0162 496 1048 2136 5159
Specimen 0.0140 1938 3074 3017 4460
Specimen 0.0119 239 3483 3583 5443
Specimen 0.0118 766 2492 2043 5090
Specimen 0.0113 1266 3352 2122 5267
Specimen 0.0109 2298 775 3270 2900
Specimen 0.0102 2316 2301 3598 3848
Specimen 0.0091 978 198 2660 1998
Specimen 0.0088 1409 3331 2055 4279
Specimen 0.0084 3603 3321 4731 5002
Specimen 0.0083 200 -20 3489 331
Specimen 0.0078 558 258 2956 3784
Specimen 0.0078 2468 1399 3185 2654
Specimen 0.0075 1296 3017 2198 4469
Specimen 0.0070 318 3821 1920 5354
Specimen 0.0068 1528 3341 1880 3929
Specimen 0.0067 691 1994 3193 3708
Specimen 0.0063 1965 3513 2458 4531
Specimen 0.0059 1163 1036 3280 3497
Specimen 0.0054 2384 1086 3517 3720
Specimen 0.0046 3871 3652 4866 5467
Specimen 0.0045 -191 303 1618 5348
Specimen 0.0044 564 91 2400 1472
Specimen 0.0043 908 2919 1768 3891
Specimen 0.0043 520 2108 1403 5028
Specimen 0.0041 1743 3564 2551 4772
Specimen 0.0037 -929 -13 -37 434
Specimen 0.0036 729 2672 1485 4517
Specimen 0.0033 1569 3458 2290 5037
Specimen 0.0030 606 1492 1660 3112
Specimen 0.0029 2637 1970 4468 4459
Specimen 0.0028 2651 2815 3730 3761
Specimen 0.0027 2461 -1224 3936 2240
Specimen 0.0027 329 -285 3451 1680
Specimen 0.0027 2131 2551 4053 5390
Specimen 0.0026 -848 57 -61 1092
Specimen 0.0026 3731 3790 4546 5159
Specimen 0.0026 42 1391 1305 4368
Specimen 0.0025 2323 3010 3439 3784
Specimen 0.0025 975 1695 2812 2812
Specimen 0.0025 1879 665 2959 2868
Specimen 0.0024 1302 3124 1909 4086
Specimen 0.0023 1648 3494 1968 4174
Specimen 0.0023 -661 113 139 1451
Specimen 0.0023 2491 1448 2840 2314
Specimen 0.0022 717 2952 1141 4166
Specimen 0.0022 2191 3211 3293 4719
Specimen 0.0022 -1200 3539 -93 5286
Specimen 0.0022 -1281 1475 -20 3892
Specimen 0.0022 2234 3474 3120 4226
Specimen 0.0022 716 1821 1532 2819
Specimen 0.0022 164 4470 1414 5303
Specimen 0.0021 1197 2642 3162 4039
Specimen 0.0021 2144 403 3157 2332
Specimen 0.0021 -106 4071 3024 5669
Specimen 0.0021 2792 -238 3788 914
Specimen 0.0020 4181 2173 4844 3648
Specimen 0.0020 1603 3304 1957 3759
Specimen 0.0020 -768 2996 -60 3784
Specimen 0.0019 -899 165 20 2214
Specimen 0.0019 -826 3889 -61 5035
Specimen 0.0019 -903 2305 25 3954
Specimen 0.0019 -757 340 -96 1683
Specimen 0.0019 2070 3381 2600 4281
Specimen 0.0018 4186 1565 4836 2959
Specimen 0.0018 -1271 746 -29 2898
Specimen 0.0018 3935 1914 4700 3472
Specimen 0.0018 901 9 3527 1148
Specimen 0.0018 4174 3330 4848 5082
Specimen 0.0017 -781 3391 -53 4238
Specimen 0.0017 4189 2827 4836 4297
Specimen 0.0017 -544 1545 39 2198
Specimen 0.0017 3925 -30 4692 460
Specimen 0.0017 390 4547 1803 5539
Specimen 0.0016 -546 3077 72 3691
Specimen 0.0016 2339 388 4023 3313
Specimen 0.0016 603 2142 1230 3992
Specimen 0.0016 3648 2426 4591 3829
Specimen 0.0016 -706 1683 162 3314
Specimen 0.0016 3810 172 4556 1441
Specimen 0.0015 -550 2844 76 3484
Specimen 0.0015 2502 3178 3496 4343
Specimen 0.0015 -629 2711 107 4023
Specimen 0.0015 3934 2698 4729 3631
Specimen 0.0015 -673 1115 112 2601
Specimen 0.0015 -559 1987 55 2625
Specimen 0.0015 -539 1075 44 1803
Specimen 0.0015 1952 3596 2330 4267
Specimen 0.0015 -541 3280 67 3911
Specimen 0.0015 3687 1776 4585 3162
Specimen 0.0015 1603 3549 1940 3902
Specimen 0.0015 2630 3170 3077 3771
Specimen 0.0015 1650 1833 3104 3039
Specimen 0.0015 -552 2190 52 2848
Specimen 0.0015 1774 -125 3798 1450
Specimen 0.0014 1621 2945 2219 4175
Specimen 0.0014 4186 965 4851 2284
Specimen 0.0014 2039 3732 2762 4613
Specimen 0.0014 2689 3317 3012 3669
Specimen 0.0014 1456 3564 1962 4505
Specimen 0.0014 -974 5008 -301 5662
Specimen 0.0014 -547 534 30 1481
Specimen 0.0014 3627 1909 4222 2683
Specimen 0.0014 -545 3489 70 4124
Specimen 0.0014 1358 -1089 4179 2321
Specimen 0.0014 4308 3689 4781 4688
Specimen 0.0013 1555 4187 2040 4764
Specimen 0.0013 -1025 5368 -152 5655
Specimen 0.0013 -748 1863 -83 2743
Specimen 0.0013 1595 1385 3220 2701
Specimen 0.0013 -773 2491 -75 3398
Specimen 0.0013 258 966 1987 2959
Specimen 0.0013 1700 263 2678 2542
Specimen 0.0013 -1236 2936 -86 4600
Specimen 0.0013 -585 2634 82 3279
Specimen 0.0013 3751 3475 4531 4638
Specimen 0.0013 -860 4183 -19 5517
Specimen 0.0013 -1031 4103 -231 5173
Specimen 0.0013 3940 2955 4676 4596
Specimen 0.0013 -749 1378 -75 2358
Specimen 0.0012 1935 2694 2573 4401
Specimen 0.0012 501 -331 2509 930
Specimen 0.0012 -647 3359 121 4653
Specimen 0.0012 -561 2399 65 3071
Specimen 0.0012 2896 67 3908 1879
Specimen 0.0012 1423 1996 2222 2701
Specimen 0.0012 2119 1565 3034 3339
Specimen 0.0012 2548 3432 3190 3802
Specimen 0.0011 2611 1641 3334 2867
Specimen 0.0011 574 3061 1184 4610
Specimen 0.0011 4032 3613 4696 4765
Specimen 0.0011 544 2502 2454 3782
Specimen 0.0011 -566 3880 73 4594
Specimen 0.0011 1128 2436 1924 3829
Specimen 0.0011 3436 1881 4362 3486
Specimen 0.0011 1372 3371 1823 3624
Specimen 0.0011 1536 1795 2456 3911
Specimen 0.0011 279 859 1729 2159
Specimen 0.0011 -686 3982 172 5305
Specimen 0.0011 3106 2957 3852 3738
Specimen 0.0010 3759 3129 4515 4126
Specimen 0.0010 1658 3651 1942 4027
Specimen 0.0010 2702 2203 3224 2686
Specimen 0.0010 869 2100 1766 3745
Specimen 0.0010 3474 2674 4305 4011
Specimen 0.0010 1081 -22 3248 500
Specimen 0.0010 -1049 1485 -264 2692
Specimen 0.0010 2053 3520 2397 4159
Specimen 0.0010 -1026 2129 -259 3333
Specimen 0.0010 1383 3854 2514 5310
Specimen 0.0010 -691 -149 189 812
Specimen 0.0010 3924 1348 4699 2744
Specimen 0.0010 -1156 4112 -551 5563
Specimen 0.0010 1545 1720 2386 2830
Specimen 0.0010 2358 2896 2970 3914
Specimen 0.0010 834 4734 1799 5432
Specimen 0.0010 -1060 977 -267 2344
