Label 0.8629 2303 4350 3686 5447
Label 0.8357 129 4748 1036 5310
Label 0.0370 2596 4520 3437 5238
Label 0.0153 382 4845 895 5208
Label 0.0148 3351 3093 4981 5153
Label 0.0115 184 4786 1045 4955
Label 0.0113 3687 3867 4705 5318
Label 0.0112 3592 3512 4755 4803
Label 0.0103 61 5028 1030 5392
Label 0.0088 1120 -1 3626 178
Label 0.0081 3512 -240 4870 1594
Label 0.0075 265 -13 2786 178
Label 0.0070 3691 4960 4655 5619
Label 0.0066 271 -42 3489 381
Label 0.0054 -1224 1566 507 4835
Label 0.0053 3569 4708 4728 5825
Label 0.0051 3896 4392 4846 5593
Label 0.0051 2931 69 3836 506
Label 0.0051 3310 479 5026 2634
Label 0.0048 -1181 3438 473 5595
Label 0.0047 2827 4093 4217 5191
Label 0.0046 2777 -148 3760 1094
Label 0.0045 318 5076 3424 5684
Label 0.0045 2952 2717 5381 6301
Label 0.0044 -1021 2438 250 4061
Label 0.0043 -6 -591 3719 1002
Label 0.0040 344 4374 3411 5614
Label 0.0039 3209 1100 5132 3773
Label 0.0038 1840 1608 4619 4787
Label 0.0038 469 3863 3195 5308
Label 0.0037 2519 3651 4646 5472
Label 0.0037 -1321 2412 1771 6544
Label 0.0036 -1010 -777 1352 1984
Label 0.0035 -1053 -768 342 1335
Label 0.0035 3177 2140 5139 4418
Label 0.0034 2304 2067 4038 4410
Label 0.0031 2783 165 3672 590
Label 0.0029 -719 3535 1161 5583
Label 0.0028 -493 4962 1104 5646
Label 0.0027 2762 -310 4504 1614
Label 0.0025 2648 4954 4489 5831
Label 0.0024 133 4221 1723 5155
Label 0.0023 1538 5409 3711 5635
Label 0.0022 1696 55 3699 1123
Label 0.0022 46 4346 1151 5347
Label 0.0022 -1240 4457 680 6192
Label 0.0021 872 3896 2078 5170
Label 0.0021 2360 -1736 4157 2112
Label 0.0021 2214 3427 5078 7182
Label 0.0021 2631 2969 3713 4407
Label 0.0021 -159 4326 1175 6136
Label 0.0020 1420 -304 4009 1528
Label 0.0020 1016 3440 2629 4871
Label 0.0020 1390 262 2063 1321
Label 0.0020 3810 3563 4590 4439
Label 0.0020 2483 4356 4737 6246
Label 0.0019 -210 2837 2293 6082
Label 0.0019 3217 4390 3623 4518
Label 0.0019 4320 1435 4775 2201
Label 0.0019 143 4746 1315 5712
Label 0.0018 740 4679 3851 5996
Label 0.0017 1645 320 2261 1213
Label 0.0017 4326 1846 4776 2653
Label 0.0017 4328 2503 4771 3307
Label 0.0017 3755 5351 4641 5639
Label 0.0017 3802 1179 4562 2041
Label 0.0017 -810 4384 -56 5363
Label 0.0017 1097 -848 4529 2926
Label 0.0017 786 2769 2896 5304
Label 0.0017 3211 2521 3722 3363
Label 0.0016 1184 8 3158 442
Label 0.0016 4337 2939 4772 3736
Label 0.0016 2580 3516 3805 4753
Label 0.0016 188 5155 894 5436
Label 0.0016 3825 1616 4552 2488
Label 0.0016 4238 2136 4828 2879
Label 0.0016 3830 2275 4566 3146
Label 0.0015 3711 1474 4200 2207
Label 0.0015 -824 3699 -47 4786
Label 0.0015 4230 2778 4833 3534
Label 0.0015 -564 4245 40 5086
Label 0.0015 -24 3696 1949 5330
Label 0.0015 3827 2928 4561 3787
Label 0.0014 -133 -22 1946 219
Label 0.0014 -563 3886 49 4591
Label 0.0014 -804 3332 -49 4295
Label 0.0014 4305 1003 4772 1762
Label 0.0014 -1124 2018 -198 3794
Label 0.0014 3798 735 4564 1617
Label 0.0014 -521 1474 58 2199
Label 0.0014 1783 2862 3729 4520
Label 0.0014 3702 1045 4190 1767
Label 0.0014 3687 4751 4214 5446
Label 0.0014 1867 142 2476 971
Label 0.0013 1952 4861 3740 5634
Label 0.0013 2494 5485 3734 5629
Label 0.0013 1938 92 3573 2181
Label 0.0013 3694 2980 4204 3738
Label 0.0013 -507 3637 43 4345
Label 0.0013 3702 1899 4195 2649
Label 0.0013 3793 220 4542 1378
Label 0.0013 -826 5032 -58 5646
Label 0.0013 3898 2468 4706 3457
Label 0.0013 -1108 3348 -246 4731
Label 0.0013 3192 2884 3723 3853
Label 0.0013 -1074 3995 -260 5353
Label 0.0012 3914 1841 4709 2781
Label 0.0012 2363 48 3791 397
Label 0.0012 3705 2543 4199 3321
Label 0.0012 4329 3331 4777 4194
Label 0.0012 231 5401 1953 5668
Label 0.0012 -550 -4 74 668
Label 0.0012 -651 -69 222 329
Label 0.0012 -500 3216 44 3921
Label 0.0012 857 4886 1752 5393
Label 0.0012 3667 3637 4209 4362
Label 0.0011 354 3 2249 463
Label 0.0011 -712 3000 -66 3740
Label 0.0011 -516 1010 68 1771
Label 0.0011 -525 4726 52 5456
Label 0.0011 1365 209 2135 843
Label 0.0011 3184 3347 3704 4235
Label 0.0011 2225 2940 4090 5165
Label 0.0011 1184 13 1931 569
Label 0.0011 975 38 1682 552
Label 0.0010 -958 4633 -392 5578
Label 0.0010 4009 1399 4708 2233
Label 0.0010 -154 3781 3159 6831
Label 0.0010 3702 590 4188 1360
Label 0.0010 218 4576 996 4983
Label 0.0010 -541 1909 77 2634
Label 0.0010 -620 2550 89 3355
Label 0.0010 790 25 1843 251
Label 0.0010 4210 3578 4829 4471
Label 0.0010 1834 19 2592 525
Barcode 0.7455 2919 174 3632 456
Barcode 0.0090 3682 80 4622 1186
Barcode 0.0089 -1060 -435 374 2588
Barcode 0.0082 -924 69 124 482
Barcode 0.0075 -1197 124 9 1250
Barcode 0.0073 -947 330 251 1865
Barcode 0.0068 3603 457 4684 1706
Barcode 0.0067 -966 3392 225 4876
Barcode 0.0062 3542 1052 4764 2079
Barcode 0.0062 -996 804 333 2332
Barcode 0.0058 3652 -2 4672 575
Barcode 0.0057 -1419 3820 8 5328
Barcode 0.0055 3448 3126 4841 4302
Barcode 0.0053 3475 1493 4841 2512
Barcode 0.0052 -1240 2174 573 5148
Barcode 0.0051 3429 1893 4873 2983
Barcode 0.0047 3392 2277 4888 3436
Barcode 0.0047 -1449 -771 243 1293
Barcode 0.0042 144 -29 2785 364
Barcode 0.0041 3398 2696 4872 3851
Barcode 0.0040 3856 3443 4986 4962
Barcode 0.0039 -1424 3083 5 4410
Barcode 0.0039 -733 -115 1042 564
Barcode 0.0037 3394 -627 4945 1215
Barcode 0.0036 -842 72 1102 1309
Barcode 0.0035 2701 925 4564 2238
Barcode 0.0035 -514 3915 921 5355
Barcode 0.0033 -701 3402 972 4901
Barcode 0.0033 1072 301 3453 1955
Barcode 0.0032 2785 402 4440 1860
Barcode 0.0032 2923 41 4227 1220
Barcode 0.0032 -960 4389 298 5615
Barcode 0.0030 3597 637 5444 4281
Barcode 0.0029 2883 3466 4348 4826
Barcode 0.0029 -1426 1215 43 2802
Barcode 0.0028 2444 1913 4750 3863
Barcode 0.0027 -1000 5001 372 5805
Barcode 0.0025 2516 258 3851 2012
Barcode 0.0024 -1214 5095 -243 5823
Barcode 0.0023 3626 2179 5374 5268
Barcode 0.0022 952 28 3562 1229
Barcode 0.0021 2719 2542 4469 4109
Barcode 0.0019 3085 167 3567 345
Barcode 0.0018 -739 2460 892 4093
Barcode 0.0018 -1456 4455 57 6282
Barcode 0.0018 2195 746 3407 1822
Barcode 0.0017 146 3402 1785 4859
Barcode 0.0016 -360 3036 1460 4450
Barcode 0.0016 208 4765 1015 4973
Barcode 0.0014 -506 495 834 2629
Barcode 0.0014 -854 -138 1263 3150
Barcode 0.0013 728 3736 3914 6907
Color Chart 0.0090 -1497 -297 193 2437
Color Chart 0.0084 -2713 -992 1464 3169
Color Chart 0.0083 -2426 2748 1089 6261
Color Chart 0.0071 -1268 2861 550 5342
Color Chart 0.0061 2573 2138 5708 6082
Color Chart 0.0051 2465 -1605 5900 3020
Color Chart 0.0044 290 -511 4384 2606
Color Chart 0.0044 1594 -409 5812 4196
Color Chart 0.0044 -1718 -2309 2242 2624
Color Chart 0.0042 -1898 1772 2405 6327
Color Chart 0.0038 2122 -1395 4317 2400
Color Chart 0.0036 -68 3267 3925 5716
Color Chart 0.0034 2396 286 4857 2715
Color Chart 0.0030 2159 917 5110 4700
Color Chart 0.0025 1629 -1033 7563 5717
Color Chart 0.0023 134 3899 3720 6699
Color Chart 0.0023 -978 -499 1262 2509
Color Chart 0.0022 -1088 1350 1407 5035
Color Chart 0.0021 -385 2303 2574 5765
Color Chart 0.0021 3041 3482 5254 7120
Color Chart 0.0019 1382 2032 4197 5191
Color Chart 0.0017 -375 -1629 3467 1955
Color Chart 0.0012 3646 1242 4202 2056
Color Chart 0.0010 3651 804 4206 1624
Scale 0.6108 1740 1733 2714 3459
Scale 0.3602 1638 1435 3186 3843
Scale 0.0108 870 -1 3453 168
Scale 0.0065 3769 3371 5015 5650
Scale 0.0035 1253 1061 2731 4563
Scale 0.0028 2535 -202 4735 2337
Scale 0.0026 3782 -303 5159 2453
Scale 0.0022 2507 2388 4722 4950
Scale 0.0021 1542 1843 2350 3788
Scale 0.0016 614 3593 2310 5342
Scale 0.0016 3682 835 4586 1947
Scale 0.0015 1681 2226 2193 3873
Scale 0.0015 -620 2300 1747 4967
Scale 0.0015 1232 2374 2648 3782
Scale 0.0015 2003 1128 2700 3029
Scale 0.0014 1918 0 3708 219
Scale 0.0014 1462 1664 1908 2738
Scale 0.0013 3739 185 4611 1312
Scale 0.0011 3552 1110 4259 2097
Scale 0.0010 3549 671 4276 1668
Specimen 0.6760 219 240 1227 3839
Specimen 0.6575 1715 1063 3387 4120
Specimen 0.6237 1006 924 2010 4970
Specimen 0.3213 1239 1512 2851 3925
Specimen 0.1921 343 45 2358 4708
Specimen 0.0885 2344 1170 3311 2206
Specimen 0.0550 1259 1496 1880 4216
Specimen 0.0330 1125 298 2357 3740
Specimen 0.0227 414 569 1647 3340
Specimen 0.0219 294 952 1029 3209
Specimen 0.0124 1056 607 2113 1478
Specimen 0.0097 250 248 1275 1165
Specimen 0.0096 920 416 2083 2798
Specimen 0.0086 -266 153 885 3964
Specimen 0.0086 941 2234 1735 4699
Specimen 0.0078 1231 446 3468 2632
Specimen 0.0065 -1277 560 413 4983
Specimen 0.0062 1374 1176 1952 3380
Specimen 0.0054 203 -384 3439 1622
Specimen 0.0052 319 239 1737 1610
Specimen 0.0052 1953 937 3553 2817
Specimen 0.0043 -922 -10 -41 428
Specimen 0.0042 -1623 -336 841 5746
Specimen 0.0032 882 1045 1720 3363
Specimen 0.0031 -397 9 1764 5234
Specimen 0.0031 494 1634 1771 4996
Specimen 0.0031 66 129 2085 2609
Specimen 0.0030 -1392 1194 -18 3686
Specimen 0.0030 -814 70 -88 1075
Specimen 0.0025 1155 2156 2099 4554
Specimen 0.0024 1219 74 2206 1454
Specimen 0.0023 -1219 3481 -78 5335
Specimen 0.0023 3595 3637 4681 5190
Specimen 0.0023 2808 -231 3776 847
Specimen 0.0022 767 2007 3953 5174
Specimen 0.0022 36 877 544 3111
Specimen 0.0021 -772 364 -82 1659
Specimen 0.0020 760 1859 1429 3800
Specimen 0.0020 -1295 2206 -31 4448
Specimen 0.0020 2030 2043 3440 3791
Specimen 0.0019 3620 2227 4605 3589
Specimen 0.0019 -354 -506 1824 1896
Specimen 0.0019 -670 131 150 1421
Specimen 0.0019 4156 1806 4851 3146
Specimen 0.0018 4174 1213 4833 2449
Specimen 0.0018 4159 2445 4849 3806
Specimen 0.0018 1018 3401 1988 4913
Specimen 0.0017 667 -82 2266 2072
Specimen 0.0017 1118 2650 3362 4662
Specimen 0.0016 -831 3878 -47 5052
Specimen 0.0016 -894 494 -14 2321
Specimen 0.0015 4138 3419 4866 4992
Specimen 0.0015 -780 1438 219 3549
Specimen 0.0015 -678 1142 121 2562
Specimen 0.0015 3643 1633 4582 2879
Specimen 0.0015 -926 983 -5 3121
Specimen 0.0015 -879 3023 -24 4554
Specimen 0.0014 3957 -42 4673 466
Specimen 0.0014 817 2955 2134 5219
Specimen 0.0014 -559 1530 57 2215
Specimen 0.0014 413 -1465 4232 1794
Specimen 0.0014 4185 807 4843 2000
Specimen 0.0014 3585 3117 4626 4430
Specimen 0.0014 3660 1233 4566 2417
Specimen 0.0014 3953 5320 4713 5660
Specimen 0.0013 3104 2306 3815 3548
Specimen 0.0013 1367 1670 1863 2724
Specimen 0.0013 -854 4205 -9 5481
Specimen 0.0013 -1150 39 -99 1463
Specimen 0.0013 3630 2539 4197 3372
Specimen 0.0013 3744 2907 4500 3891
Specimen 0.0013 -550 551 49 1463
Specimen 0.0013 1742 2068 2732 4071
Specimen 0.0013 3650 1458 4191 2283
Specimen 0.0012 -1077 3664 -175 4757
Specimen 0.0012 -1068 4074 -198 5195
Specimen 0.0012 -975 5019 -306 5659
Specimen 0.0012 -812 2909 -53 3875
Specimen 0.0012 -1030 5372 -155 5661
Specimen 0.0012 -688 3560 143 4892
Specimen 0.0012 -695 -148 200 807
Specimen 0.0012 1408 2399 1733 3319
Specimen 0.0012 -1101 1772 -199 3582
Specimen 0.0012 3871 1398 4712 2690
Specimen 0.0012 -550 3276 54 3925
Specimen 0.0012 -721 2343 181 3952
Specimen 0.0012 4296 3720 4776 4656
Specimen 0.0012 105 2204 1177 4247
Specimen 0.0012 3623 2971 4192 3798
Specimen 0.0012 -544 1077 58 1797
Specimen 0.0011 -562 3071 66 3713
Specimen 0.0011 3659 -74 4213 370
Specimen 0.0011 3633 1877 4194 2720
Specimen 0.0011 3864 2628 4731 4054
Specimen 0.0011 -589 1934 64 2684
Specimen 0.0011 1409 -52 2470 1091
Specimen 0.0011 1680 154 2629 1324
Specimen 0.0011 3084 2688 3804 4014
Specimen 0.0011 3693 -9 4173 679
Specimen 0.0011 3895 1005 4712 2221
Specimen 0.0011 515 2141 1758 3650
Specimen 0.0010 -725 1191 -53 2034
Specimen 0.0010 -784 807 737 3697
Specimen 0.0010 -783 1500 -78 2648
Specimen 0.0010 -569 2805 70 3530
Specimen 0.0010 -861 2281 -55 3575
Specimen 0.0010 3475 2511 4292 3742
Specimen 0.0010 1420 538 2488 1398
Specimen 0.0010 -1119 2905 -227 4319
Specimen 0.0010 3617 3603 4193 4447
Specimen 0.0010 3459 3395 4316 4576
Specimen 0.0010 3496 2094 4283 3299
Specimen 0.0010 1362 2046 1815 3002
