Label 0.8716 2374 4382 3697 5414
Label 0.8622 131 4704 1080 5322
Label 0.8293 2325 196 2980 683
Label 0.0238 2653 4489 3480 5274
Label 0.0177 389 4831 901 5202
Label 0.0151 3516 3483 4853 5650
Label 0.0119 2371 73 3089 886
Label 0.0107 2096 5414 3703 5624
Label 0.0080 140 5031 1061 5383
Label 0.0079 214 -18 3346 375
Label 0.0069 3719 4401 4683 5542
Label 0.0060 3182 4402 3655 4529
Label 0.0058 3654 4979 4670 5632
Label 0.0050 205 4742 1068 4993
Label 0.0049 3521 4674 4747 5875
Label 0.0047 2451 -384 4805 1624
Label 0.0046 2967 4233 3984 5134
Label 0.0043 571 5085 3202 5758
Label 0.0039 521 3881 3176 5269
Label 0.0037 3355 1817 5016 4660
Label 0.0036 83 -214 3500 1368
Label 0.0036 -1021 -667 297 1229
Label 0.0035 170 4934 1317 5548
Label 0.0035 718 4297 3049 5686
Label 0.0033 2491 5027 4602 5800
Label 0.0033 958 3383 2727 4881
Label 0.0032 -1061 -988 1470 1360
Label 0.0029 -1689 -2292 1241 2692
Label 0.0028 264 4537 3533 6139
Label 0.0028 162 3381 1688 4832
Label 0.0027 2638 3778 4449 5446
Label 0.0027 -1413 2307 1839 6610
Label 0.0027 2355 4376 4849 6245
Label 0.0026 1811 5117 3865 5710
Label 0.0025 -464 2466 1642 4862
Label 0.0025 -541 4924 998 5720
Label 0.0025 -1072 4022 441 5881
Label 0.0024 3826 4145 4580 5208
Label 0.0024 3467 605 4949 3307
Label 0.0024 247 4243 1532 5163
Label 0.0024 2223 3584 5041 7021
Label 0.0023 578 4577 2313 5560
Label 0.0023 739 4144 2146 5011
Label 0.0022 -190 -437 2210 1782
Label 0.0022 158 2676 2925 5358
Label 0.0021 -752 3432 1135 5661
Label 0.0021 2454 370 2939 683
Label 0.0021 -525 1949 81 2603
Label 0.0021 -538 4504 47 5247
Label 0.0020 3899 1890 4521 2656
Label 0.0020 4345 1795 4759 2684
Label 0.0020 1685 4760 3931 6021
Label 0.0020 -656 3058 -77 3695
Label 0.0019 3755 5357 4645 5625
Label 0.0019 3889 2321 4536 3090
Label 0.0018 -790 4401 -57 5352
Label 0.0018 4141 2049 4666 2898
Label 0.0018 -652 3439 -74 4151
Label 0.0018 -795 5007 -67 5642
Label 0.0018 1991 -654 3504 1325
Label 0.0018 2271 -15 3839 225
Label 0.0018 1895 3444 3605 4833
Label 0.0017 3714 1897 4148 2647
Label 0.0017 3755 562 4150 1341
Label 0.0017 -487 3236 58 3910
Label 0.0017 3141 4367 3711 4589
Label 0.0017 -701 4584 1167 5993
Label 0.0017 -482 2822 55 3470
Label 0.0017 2414 4769 3892 5681
Label 0.0017 -530 2167 85 2813
Label 0.0017 -526 4212 70 5041
Label 0.0016 -492 3640 57 4353
Label 0.0016 1075 4319 1510 4909
Label 0.0016 2515 3566 3872 4764
Label 0.0016 -497 2619 79 3236
Label 0.0016 606 3129 4150 5839
Label 0.0015 -528 2394 104 3017
Label 0.0015 3699 2592 4189 3248
Label 0.0015 1126 4293 1405 4539
Label 0.0015 3727 2989 4190 3705
Label 0.0014 3869 2719 4537 3549
Label 0.0014 -177 4065 1338 5889
Label 0.0014 22 3739 1817 5345
Label 0.0014 3682 2352 4184 3051
Label 0.0014 103 4699 1502 5803
Label 0.0014 -993 3607 1479 6994
Label 0.0014 3865 3123 4539 3999
Label 0.0014 -648 4537 143 5619
Label 0.0013 881 4156 1397 4752
Label 0.0013 2359 -30 3521 1176
Label 0.0013 -952 4645 -402 5568
Label 0.0013 -547 0 57 647
Label 0.0013 1168 32 1916 453
Label 0.0013 1242 2963 3271 4484
Label 0.0012 -39 -382 2972 795
Label 0.0012 -518 4991 84 5603
Label 0.0012 -612 -69 170 336
Label 0.0012 3692 3398 4227 4168
Label 0.0011 1531 4015 4158 6599
Label 0.0011 2284 -27 3147 576
Label 0.0011 1490 5 3314 275
Label 0.0011 3043 4347 3841 4905
Label 0.0011 -254 3066 3349 6729
Label 0.0010 1746 2648 3750 4622
Label 0.0010 2313 106 3673 641
Label 0.0010 3210 25 3704 649
Label 0.0010 2427 5134 3572 5550
Label 0.0010 1926 -1295 4326 2431
Label 0.0010 4257 5358 4833 5666
Label 0.0010 2983 4287 3670 4635
Label 0.0010 2695 5403 4180 5643
Label 0.0010 2236 3006 4099 5166
Label 0.0010 1094 4358 1315 4565
Label 0.0010 -1025 2258 -141 3116
Barcode 0.7455 2341 190 3025 595
Barcode 0.1998 2446 239 2928 449
Barcode 0.0092 -904 68 93 457
Barcode 0.0078 -1150 1355 542 5056
Barcode 0.0076 -810 2701 152 3794
Barcode 0.0075 -1359 -704 230 2066
Barcode 0.0070 -1179 163 2 1210
Barcode 0.0069 -793 3509 155 4750
Barcode 0.0067 3546 3486 4777 4851
Barcode 0.0066 -914 -201 299 3229
Barcode 0.0065 -789 3264 181 4151
Barcode 0.0062 -865 385 183 1843
Barcode 0.0062 -739 1409 156 2559
Barcode 0.0056 -826 945 226 2191
Barcode 0.0055 -1420 3831 46 5348
Barcode 0.0053 3636 29 4704 542
Barcode 0.0052 2762 40 4458 1233
Barcode 0.0048 -1096 3376 452 5694
Barcode 0.0047 -1425 3187 28 4317
Barcode 0.0046 3532 512 4793 1738
Barcode 0.0045 3371 -66 4979 2194
Barcode 0.0043 -1451 1338 84 2687
Barcode 0.0042 -794 61 1020 1306
Barcode 0.0042 3591 197 4718 1182
Barcode 0.0040 -1406 2655 9 3921
Barcode 0.0039 -728 -103 1048 512
Barcode 0.0038 206 759 2737 2427
Barcode 0.0037 3494 2747 4827 3886
Barcode 0.0036 2752 -146 4497 662
Barcode 0.0036 3473 3139 4840 4346
Barcode 0.0035 2585 5412 3811 5623
Barcode 0.0034 -223 423 1455 1821
Barcode 0.0034 3989 2258 4920 3544
Barcode 0.0033 -425 -400 1642 2555
Barcode 0.0031 3765 1492 5259 4989
Barcode 0.0031 -1608 326 348 4483
Barcode 0.0031 -1276 4388 -90 5653
Barcode 0.0031 4017 1488 4939 2644
Barcode 0.0030 4020 1812 4904 3146
Barcode 0.0030 -793 1634 835 4037
Barcode 0.0030 3532 1023 4823 2174
Barcode 0.0030 3361 -736 4995 1263
Barcode 0.0029 -858 4402 224 5595
Barcode 0.0029 -750 738 924 2384
Barcode 0.0028 -779 3293 950 4967
Barcode 0.0027 -529 1360 583 2633
Barcode 0.0027 2811 2509 4443 4061
Barcode 0.0027 -872 4975 250 5779
Barcode 0.0026 -585 3817 873 5419
Barcode 0.0026 220 109 1827 1282
Barcode 0.0026 -1170 5109 -243 5812
Barcode 0.0025 2816 3443 4433 4862
Barcode 0.0025 3895 254 5120 3680
Barcode 0.0025 -185 2937 1334 4486
Barcode 0.0024 3168 4404 3608 4547
Barcode 0.0023 -84 -48 2251 344
Barcode 0.0022 -952 99 1174 3730
Barcode 0.0022 2908 337 4299 1877
Barcode 0.0021 -65 3389 1216 4896
Barcode 0.0021 -255 1098 1413 2858
Barcode 0.0021 2043 31 3585 361
Barcode 0.0019 97 -1224 3597 1558
Barcode 0.0016 2905 612 3933 2559
Barcode 0.0013 1153 4320 1359 4506
Barcode 0.0013 795 3489 3945 7194
Barcode 0.0013 2481 2410 3774 4056
Barcode 0.0013 2415 3031 3886 4410
Barcode 0.0011 978 76 2092 221
Color Chart 0.0267 170 16 2853 154
Color Chart 0.0160 2272 5411 3739 5607
Color Chart 0.0078 -2568 2554 1245 6475
Color Chart 0.0077 -1708 2791 385 5421
Color Chart 0.0066 -1504 -443 215 2612
Color Chart 0.0064 -2644 -1544 1472 2864
Color Chart 0.0062 -2370 -125 1749 6337
Color Chart 0.0057 1830 -1396 5547 2662
Color Chart 0.0048 2327 2061 5957 6174
Color Chart 0.0046 -1745 -1454 3162 3527
Color Chart 0.0040 3318 2445 5024 4897
Color Chart 0.0039 -407 -1062 4109 2217
Color Chart 0.0036 234 2431 3696 5613
Color Chart 0.0033 -951 1622 2358 5617
Color Chart 0.0033 -179 2 1996 181
Color Chart 0.0033 -1707 532 456 5022
Color Chart 0.0030 -1214 369 1493 5144
Color Chart 0.0030 169 3496 3758 7197
Color Chart 0.0028 2689 1638 4664 4752
Color Chart 0.0028 -975 -374 1305 3335
Color Chart 0.0027 -1082 2718 1364 5483
Color Chart 0.0025 1969 -72 7198 6441
Color Chart 0.0025 3005 3510 5245 7105
Color Chart 0.0019 2523 -2834 6687 3259
Color Chart 0.0018 1713 1008 4762 5344
Color Chart 0.0016 75 -5 1598 131
Color Chart 0.0016 3681 337 4174 1228
Color Chart 0.0015 2544 -687 5747 4500
Color Chart 0.0014 962 0 3309 180
Color Chart 0.0014 3841 3541 4556 4446
Color Chart 0.0011 3261 1693 3511 2101
Scale 0.7885 3217 1528 3548 3473
Scale 0.0339 2999 1325 3702 3537
Scale 0.0061 3793 3319 5054 5733
Scale 0.0043 -1044 -827 1397 2070
Scale 0.0036 3422 -363 4953 1714
Scale 0.0030 3043 1178 3473 2920
Scale 0.0019 -40 -291 2051 2378
Scale 0.0019 3270 1869 3511 3001
Scale 0.0018 -521 239 1715 3580
Scale 0.0018 3676 118 4603 1349
Scale 0.0015 3322 1617 3828 3411
Scale 0.0013 3562 213 4256 1250
Scale 0.0013 958 3053 3575 5020
Scale 0.0011 2377 1877 3946 4441
Scale 0.0010 2939 476 4031 3435
Specimen 0.7896 69 948 2581 4917
Specimen 0.7078 1976 487 3323 2842
Specimen 0.0453 2605 302 3337 2727
Specimen 0.0386 2424 1453 3120 2803
Specimen 0.0233 1233 657 2879 4793
Specimen 0.0208 161 1770 2367 3982
Specimen 0.0153 2715 469 3297 1829
Specimen 0.0125 2272 1228 3263 3138
Specimen 0.0111 1468 339 3833 5033
Specimen 0.0107 388 309 3381 3653
Specimen 0.0089 1368 1625 2361 4105
Specimen 0.0079 2059 2227 2308 2480
Specimen 0.0074 494 1627 1781 4476
Specimen 0.0067 -1224 473 530 5102
Specimen 0.0059 -941 1761 122 3833
Specimen 0.0058 3843 3704 4953 5488
Specimen 0.0058 1082 591 3121 2625
Specimen 0.0051 -924 -10 -43 426
Specimen 0.0050 -2088 -971 1347 6305
Specimen 0.0050 1743 680 2838 2566
Specimen 0.0047 1330 1654 2088 2903
Specimen 0.0045 425 2348 2339 4741
Specimen 0.0043 1351 2917 2407 4533
Specimen 0.0035 -1257 1216 -36 4113
Specimen 0.0034 1714 1193 2642 3343
Specimen 0.0034 1170 873 2338 3250
Specimen 0.0034 2438 1159 4066 3736
Specimen 0.0032 -334 -771 4061 2873
Specimen 0.0030 220 1075 1885 2922
Specimen 0.0028 4189 1934 4829 3440
Specimen 0.0028 -825 74 -76 1068
Specimen 0.0026 2815 1605 3132 2551
Specimen 0.0026 2015 1853 2330 2655
Specimen 0.0026 3584 1795 4734 3142
Specimen 0.0024 -642 120 130 1450
Specimen 0.0024 -657 1459 105 3122
Specimen 0.0024 4345 2457 4762 3332
Specimen 0.0024 -1201 3528 -95 5297
Specimen 0.0024 4188 1315 4827 2761
Specimen 0.0024 3825 1853 4488 2775
Specimen 0.0024 4216 2650 4807 4025
Specimen 0.0023 4019 2210 4675 3270
Specimen 0.0023 4355 2910 4772 3745
Specimen 0.0023 2349 1591 2781 2636
Specimen 0.0022 3977 1524 4681 2991
Specimen 0.0021 -564 1997 71 2627
Specimen 0.0021 -531 1755 36 2433
Specimen 0.0021 3684 1390 4569 2699
Specimen 0.0021 -526 1491 74 2203
Specimen 0.0021 4346 2018 4758 2901
Specimen 0.0020 -892 217 7 2165
Specimen 0.0020 4343 1577 4760 2470
Specimen 0.0020 2613 1335 2929 1800
Specimen 0.0020 3787 1183 4487 2168
Specimen 0.0020 3744 1270 4160 1961
Specimen 0.0020 -742 3029 -63 3766
Specimen 0.0020 3930 -39 4676 484
Specimen 0.0019 3977 2422 4669 3821
Specimen 0.0019 -789 3931 -56 5017
Specimen 0.0019 -757 371 -91 1663
Specimen 0.0019 3773 156 4520 1445
Specimen 0.0019 4358 3306 4769 4197
Specimen 0.0019 -544 1073 29 1833
Specimen 0.0018 3889 1649 4516 2463
Specimen 0.0018 -750 3428 -57 4228
Specimen 0.0018 3647 752 4580 2036
Specimen 0.0018 3652 2181 4594 3636
Specimen 0.0018 -838 2663 -47 4042
Specimen 0.0018 3753 809 4155 1558
Specimen 0.0018 2644 1465 2911 1733
Specimen 0.0018 -557 4261 44 5081
Specimen 0.0018 -720 2178 -102 3245
Specimen 0.0018 4031 1399 4670 2385
Specimen 0.0017 3692 1489 4145 2240
Specimen 0.0017 -540 3105 77 3678
Specimen 0.0017 -665 871 108 2428
Specimen 0.0017 3699 1908 4090 2688
Specimen 0.0017 -626 2468 109 3825
Specimen 0.0017 2263 -80 4055 2554
Specimen 0.0017 2600 812 3034 1838
Specimen 0.0017 4139 2693 4671 3536
Specimen 0.0017 -723 1829 -77 2776
Specimen 0.0017 -532 3306 67 3901
Specimen 0.0016 -1192 859 -114 2761
Specimen 0.0016 -557 2361 77 3091
Specimen 0.0016 3955 5327 4708 5655
Specimen 0.0016 4188 712 4825 2082
Specimen 0.0016 -539 3514 66 4124
Specimen 0.0016 -964 5003 -330 5657
Specimen 0.0016 -541 2863 87 3469
Specimen 0.0016 3519 1586 4221 2938
Specimen 0.0016 -540 3712 54 4353
Specimen 0.0016 -552 3915 53 4585
Specimen 0.0016 3455 1869 4312 3498
Specimen 0.0016 4326 1158 4768 2031
Specimen 0.0016 -403 692 1732 4073
Specimen 0.0016 -577 2612 103 3279
Specimen 0.0015 -615 2954 78 4221
Specimen 0.0015 4163 3443 4839 4955
Specimen 0.0015 3618 3290 4595 4672
Specimen 0.0015 -1051 4117 -206 5169
Specimen 0.0015 3954 3060 4669 4485
Specimen 0.0015 -655 3548 108 4919
Specimen 0.0015 4143 3115 4675 3975
Specimen 0.0015 3653 2864 4548 4242
Specimen 0.0015 -1020 2045 -251 3373
Specimen 0.0014 -101 1462 1391 3424
Specimen 0.0014 -1179 2724 -121 4375
Specimen 0.0014 3545 1068 4223 2166
Specimen 0.0014 3698 -66 4199 385
Specimen 0.0014 2154 708 3213 1618
Specimen 0.0014 -726 1388 -74 2378
Specimen 0.0014 -833 4216 -14 5476
Specimen 0.0014 -1056 1674 -230 2922
Specimen 0.0014 -1010 5360 -183 5664
Specimen 0.0013 3541 610 4228 1751
Specimen 0.0013 3778 -64 4525 779
Specimen 0.0013 -1179 46 -96 1459
Specimen 0.0013 3709 -3 4166 706
Specimen 0.0013 4320 3698 4764 4672
Specimen 0.0013 2762 1025 4618 4260
Specimen 0.0013 2153 -870 5096 3836
Specimen 0.0013 3637 2778 4179 3546
Specimen 0.0013 2882 613 3561 3011
Specimen 0.0013 3502 2502 4269 3747
Specimen 0.0013 398 -275 2577 761
Specimen 0.0013 -673 -124 163 778
Specimen 0.0013 -543 707 98 1631
Specimen 0.0012 1936 2222 2355 2635
Specimen 0.0012 2532 1517 3032 1827
Specimen 0.0012 1789 1643 2417 3644
Specimen 0.0012 -1413 1916 -284 3887
Specimen 0.0012 1506 2682 2372 3985
Specimen 0.0011 -836 4832 -28 5754
Specimen 0.0011 3682 2297 4100 3148
Specimen 0.0011 1519 1791 2033 2648
Specimen 0.0011 1624 1482 3049 4310
Specimen 0.0011 -1175 4109 -523 5568
Specimen 0.0011 3617 3186 4211 4019
Specimen 0.0011 -1074 1320 -233 2443
Specimen 0.0011 -1026 2658 -275 3689
Specimen 0.0011 -676 1212 -41 2020
Specimen 0.0011 -1065 4430 -269 5699
Specimen 0.0010 3487 3128 4302 4406
Specimen 0.0010 -1083 4649 -599 5525
Specimen 0.0010 1144 2422 2248 3790
Specimen 0.0010 -1058 3131 -244 4119
Specimen 0.0010 487 296 1645 1629
Specimen 0.0010 -987 3748 -228 4668
Specimen 0.0010 -1368 1358 -325 3140
Specimen 0.0010 662 3192 1674 4365
