Label 0.8542 59 4943 973 5464
Label 0.8475 2290 4716 3695 5609
Label 0.0911 70 5336 982 5522
Label 0.0348 2556 14 3670 246
Label 0.0276 2600 4835 3435 5420
Label 0.0164 3503 3412 4814 5629
Label 0.0124 2912 169 3640 606
Label 0.0111 298 5009 816 5357
Label 0.0089 65 5425 988 5595
Label 0.0083 3716 4463 4678 5529
Label 0.0080 -3 5140 916 5530
Label 0.0080 453 4536 3304 5625
Label 0.0062 -1254 1345 687 5114
Label 0.0060 -71 -78 3872 1321
Label 0.0059 -122 4 2242 463
Label 0.0054 3352 227 5006 2891
Label 0.0053 2988 -50 3829 275
Label 0.0053 2524 4610 4377 5557
Label 0.0050 3648 4976 4664 5636
Label 0.0049 2793 1 3824 177
Label 0.0048 2854 2732 5459 6270
Label 0.0048 -85 3620 3973 6208
Label 0.0045 -1202 3423 522 5629
Label 0.0041 2676 3800 4510 5342
Label 0.0038 3124 1844 5169 4715
Label 0.0038 3471 4728 4762 5829
Label 0.0037 2423 5483 3569 5607
Label 0.0037 3685 887 5312 3997
Label 0.0036 2737 -76 3950 1277
Label 0.0036 3861 4090 4928 5765
Label 0.0036 -1593 59 355 3846
Label 0.0035 3330 14 3754 260
Label 0.0033 40 4952 2819 5746
Label 0.0032 2351 -3 3462 140
Label 0.0032 1913 -22 3620 324
Label 0.0028 2786 280 3653 796
Label 0.0028 2523 4446 3836 5146
Label 0.0028 1611 -373 4915 4218
Label 0.0028 2129 2360 4240 4945
Label 0.0027 476 -256 3988 704
Label 0.0026 67 4788 893 5242
Label 0.0026 1135 4870 3512 5766
Label 0.0026 142 4290 1018 5130
Label 0.0023 -1027 -685 1403 1978
Label 0.0023 1573 -9 3889 2111
Label 0.0023 -164 4227 1222 5884
Label 0.0023 2099 3573 3353 4707
Label 0.0022 -724 3553 1156 5556
Label 0.0021 3729 3805 4536 5144
Label 0.0021 1603 -754 6584 5369
Label 0.0021 2703 -606 4248 1048
Label 0.0021 -527 1952 92 2602
Label 0.0021 4339 1436 4767 2228
Label 0.0020 -495 1491 69 2172
Label 0.0020 289 5162 799 5507
Label 0.0020 2082 -1439 4463 2621
Label 0.0020 4347 1853 4768 2673
Label 0.0019 115 -157 2383 669
Label 0.0019 4244 2153 4814 2881
Label 0.0019 -481 801 80 1531
Label 0.0019 2259 4479 3316 5069
Label 0.0019 -1205 4522 641 6172
Label 0.0019 1051 3796 2532 5326
Label 0.0018 4345 2505 4767 3322
Label 0.0018 813 3931 1456 5205
Label 0.0018 3812 1412 4570 2277
Label 0.0018 2662 -99 3773 372
Label 0.0018 3962 5380 4744 5630
Label 0.0017 -546 2159 95 2819
Label 0.0017 2876 59 3354 193
Label 0.0017 2036 5432 3201 5653
Label 0.0017 289 5357 797 5505
Label 0.0017 3925 2068 4672 2996
Label 0.0017 -682 1215 -62 2011
Label 0.0016 3825 1839 4553 2712
Label 0.0016 1842 3066 3629 5005
Label 0.0016 2342 0 3407 428
Label 0.0016 1735 3989 2943 5151
Label 0.0016 -510 1709 80 2388
Label 0.0016 3326 -1 3713 154
Label 0.0016 3712 561 4178 1346
Label 0.0015 3707 1029 4195 1776
Label 0.0015 -7 5327 732 5602
Label 0.0015 3820 3558 4581 4441
Label 0.0015 1061 2378 3690 5645
Label 0.0015 205 5134 960 5762
Label 0.0015 -488 3011 55 3703
Label 0.0015 3707 1464 4214 2232
Label 0.0015 -508 2813 82 3482
Label 0.0014 4349 2934 4777 3745
Label 0.0014 3742 2458 4513 3472
Label 0.0014 4236 2800 4820 3528
Label 0.0014 3827 957 4572 1849
Label 0.0014 40 4622 1494 5572
Label 0.0014 4259 1279 4811 2015
Label 0.0014 -607 2581 103 3314
Label 0.0014 3844 439 4571 1451
Label 0.0013 4322 979 4771 1790
Label 0.0013 1830 4947 2297 5543
Label 0.0013 18 -166 1994 3204
Label 0.0013 4013 1606 4696 2489
Label 0.0013 3810 3137 4567 3992
Label 0.0013 2634 11 3360 181
Label 0.0013 3754 5280 4580 5649
Label 0.0012 -799 4713 -91 5519
Label 0.0012 -1091 2202 -214 3640
Label 0.0012 -483 3420 47 4142
Label 0.0012 -833 4125 -70 5222
Label 0.0012 -537 -581 1013 1065
Label 0.0012 -672 -55 230 322
Label 0.0012 -564 2399 134 2988
Label 0.0012 2937 2661 3572 3648
Label 0.0012 3701 1885 4207 2681
Label 0.0012 2246 3835 2869 4606
Label 0.0012 -653 3186 -93 3972
Label 0.0011 3691 2993 4208 3729
Label 0.0011 744 4106 1203 4767
Label 0.0011 -674 3576 -87 4428
Label 0.0011 2301 4494 2995 4932
Label 0.0011 1421 3670 3163 5353
Label 0.0011 -594 2393 1936 6519
Label 0.0011 121 4 1361 101
Label 0.0011 -307 2966 1489 5202
Label 0.0011 2301 4039 2946 4793
Label 0.0011 3218 31 3648 221
Label 0.0011 1897 2645 4578 6308
Label 0.0011 4346 3331 4780 4193
Label 0.0011 1569 4818 2464 5471
Label 0.0011 3317 -48 3928 322
Label 0.0010 -855 5309 -62 5682
Label 0.0010 3669 3412 4223 4165
Label 0.0010 1386 4529 1754 5263
Label 0.0010 3930 2718 4695 3642
Label 0.0010 4276 5359 4819 5670
Label 0.0010 2330 5371 3399 5615
Label 0.0010 1851 1362 2867 1781
Label 0.0010 4014 1158 4697 2044
Label 0.0010 -1009 4316 -325 5452
Label 0.0010 3202 2991 3733 3722
Label 0.0010 1902 3493 2521 4125
Label 0.0010 3152 3530 3713 4521
Barcode 0.8366 2874 393 3578 669
Barcode 0.0246 -7 105 623 366
Barcode 0.0070 2988 358 3476 604
Barcode 0.0070 3382 -162 4949 2287
Barcode 0.0067 3527 3521 4776 4835
Barcode 0.0064 3532 435 4774 1770
Barcode 0.0062 -1472 3419 40 4897
Barcode 0.0062 3453 1500 4875 2524
Barcode 0.0061 -853 2604 208 3914
Barcode 0.0060 3472 1053 4854 2117
Barcode 0.0060 3585 165 4731 1238
Barcode 0.0059 -804 1435 261 2577
Barcode 0.0059 -875 3194 264 4253
Barcode 0.0057 -1064 75 557 3884
Barcode 0.0056 -882 1089 360 2091
Barcode 0.0053 -1496 -897 314 2278
Barcode 0.0052 -1321 177 79 1217
Barcode 0.0052 3411 1864 4900 3000
Barcode 0.0051 -951 59 224 507
Barcode 0.0051 -30 -696 3842 1888
Barcode 0.0049 3558 30 4737 548
Barcode 0.0049 -904 3794 206 5290
Barcode 0.0048 3343 2188 4934 3486
Barcode 0.0048 -974 528 405 1786
Barcode 0.0046 -231 -11 681 344
Barcode 0.0045 68 111 3668 1068
Barcode 0.0041 2887 6 3872 390
Barcode 0.0041 3295 2716 4943 3838
Barcode 0.0037 -1433 2518 30 3977
Barcode 0.0035 3260 -897 5041 1447
Barcode 0.0034 -751 3320 952 4936
Barcode 0.0032 -341 39 1521 341
Barcode 0.0032 2750 394 4508 1829
Barcode 0.0031 2574 2944 3797 4459
Barcode 0.0031 -1467 1309 119 2694
Barcode 0.0030 -270 882 1458 2263
Barcode 0.0030 -694 947 881 2202
Barcode 0.0029 -476 3902 868 5342
Barcode 0.0029 1907 582 3554 1611
Barcode 0.0027 -547 108 900 1071
Barcode 0.0027 2266 1757 4948 3962
Barcode 0.0027 -835 1258 979 3555
Barcode 0.0027 2574 875 3685 2237
Barcode 0.0026 2690 1358 4655 2671
Barcode 0.0026 2702 902 4612 2227
Barcode 0.0026 -1210 5097 -218 5816
Barcode 0.0026 2674 3402 4510 4911
Barcode 0.0026 -491 -153 1671 3195
Barcode 0.0026 3114 2344 5171 5071
Barcode 0.0026 -1003 5012 383 5786
Barcode 0.0025 3289 3203 4955 4288
Barcode 0.0025 -1314 4439 -86 5628
Barcode 0.0023 -1493 3947 112 5956
Barcode 0.0023 3783 -82 5219 3216
Barcode 0.0022 -793 2303 913 4168
Barcode 0.0021 2697 259 3582 628
Barcode 0.0019 -211 471 1346 1624
Barcode 0.0019 -6 14 792 106
Barcode 0.0016 266 -765 2570 1280
Barcode 0.0013 -10 3370 1184 4892
Barcode 0.0013 2020 2927 3407 4466
Color Chart 0.1832 63 50 2510 326
Color Chart 0.0170 504 118 2030 336
Color Chart 0.0148 1059 111 2544 295
Color Chart 0.0124 466 -85 2555 470
Color Chart 0.0108 124 93 1575 347
Color Chart 0.0086 -1750 2845 397 5359
Color Chart 0.0079 -2771 1820 1441 6341
Color Chart 0.0058 -2968 -1746 1810 3098
Color Chart 0.0056 -1613 -568 320 2764
Color Chart 0.0053 498 56 3898 397
Color Chart 0.0051 82 105 552 271
Color Chart 0.0049 -5 69 752 349
Color Chart 0.0047 699 -208 6652 5600
Color Chart 0.0044 2253 2002 6027 6189
Color Chart 0.0042 2203 -1524 6163 2905
Color Chart 0.0041 -1569 -1254 2922 4125
Color Chart 0.0034 -1125 2855 1420 5331
Color Chart 0.0032 2039 691 5256 4965
Color Chart 0.0030 2048 5477 2419 5589
Color Chart 0.0029 1225 -1042 5387 4030
Color Chart 0.0028 -1628 214 2044 6038
Color Chart 0.0023 -607 1711 1982 5437
Color Chart 0.0023 1321 2154 4311 5898
Color Chart 0.0023 2493 -70 4812 3110
Color Chart 0.0022 2420 2105 4846 5257
Color Chart 0.0021 25 3861 3828 6726
Color Chart 0.0021 1032 63 3213 326
Color Chart 0.0020 -1820 3107 1419 7540
Color Chart 0.0019 305 16 1816 126
Color Chart 0.0018 2974 3531 5282 7081
Color Chart 0.0016 2098 5449 2364 5555
Color Chart 0.0015 1749 92 2695 276
Color Chart 0.0015 -1082 -2376 1620 2667
Color Chart 0.0014 3656 334 4176 1227
Color Chart 0.0012 -509 -821 2752 2839
Scale 0.6815 445 2019 1134 3950
Scale 0.0119 178 75 2608 483
Scale 0.0109 317 1543 1714 4219
Scale 0.0073 184 1294 1180 3808
Scale 0.0070 524 2121 1641 5101
Scale 0.0064 3775 3303 5008 5706
Scale 0.0061 3430 -494 4929 1862
Scale 0.0037 44 -201 3567 660
Scale 0.0029 2205 -1805 4941 3051
Scale 0.0029 -1070 -731 1374 2894
Scale 0.0026 2567 -418 4723 2577
Scale 0.0024 -1112 164 1490 4598
Scale 0.0023 -27 2204 1317 4874
Scale 0.0023 2443 2779 4790 5404
Scale 0.0021 666 2125 1403 4028
Scale 0.0018 2337 196 3974 2775
Scale 0.0016 574 1798 1143 3130
Scale 0.0015 129 206 2475 657
Scale 0.0014 3498 164 4302 1309
Scale 0.0011 1520 3755 1886 4768
Scale 0.0011 565 3170 1402 4389
Scale 0.0010 3508 617 4277 1726
Scale 0.0010 1377 3573 2114 5209
Scale 0.0010 1256 3965 1664 5261
Specimen 0.8438 279 452 3329 5304
Specimen 0.0880 2029 754 3300 4373
Specimen 0.0293 662 714 2856 3024
Specimen 0.0273 506 1053 2169 5185
Specimen 0.0108 79 805 1325 4267
Specimen 0.0093 1939 256 3885 5240
Specimen 0.0080 271 1729 1682 4105
Specimen 0.0061 -1311 546 608 5099
Specimen 0.0058 710 1906 3096 3825
Specimen 0.0057 -1003 1584 196 4055
Specimen 0.0054 1164 1395 2012 3094
Specimen 0.0054 -1038 -140 2358 4989
Specimen 0.0053 799 3712 1522 5236
Specimen 0.0047 1294 916 2234 2930
Specimen 0.0046 -1812 -864 1081 6239
Specimen 0.0043 737 2289 1879 5230
Specimen 0.0043 438 2381 1455 5070
Specimen 0.0039 239 573 3351 1675
Specimen 0.0037 2627 1225 3451 2763
Specimen 0.0034 1023 1718 1727 3686
Specimen 0.0033 1978 1999 3259 3839
Specimen 0.0031 -897 -20 -41 428
Specimen 0.0030 2423 576 3747 3305
Specimen 0.0026 1770 1848 3079 4737
Specimen 0.0026 -666 1607 140 3380
Specimen 0.0026 175 251 2517 3789
Specimen 0.0025 -1270 1023 -36 3446
Specimen 0.0023 -769 265 -32 1196
Specimen 0.0023 184 -864 4274 2070
Specimen 0.0023 738 3001 2846 5089
Specimen 0.0022 3599 3586 4669 5238
Specimen 0.0022 2123 883 3297 2196
Specimen 0.0022 729 2156 3803 5105
Specimen 0.0022 3620 1782 4608 3174
Specimen 0.0022 4136 1761 4860 3202
Specimen 0.0021 1326 1871 2207 4249
Specimen 0.0020 -547 2183 72 2857
Specimen 0.0020 3631 1390 4578 2704
Specimen 0.0019 -629 382 106 1607
Specimen 0.0019 -628 1206 78 2511
Specimen 0.0019 1136 1407 3097 3114
Specimen 0.0019 4133 3375 4863 5028
Specimen 0.0019 4161 1177 4836 2501
Specimen 0.0018 -538 1572 72 2168
Specimen 0.0018 -1207 3529 -100 5292
Specimen 0.0018 1177 3368 2096 5021
Specimen 0.0018 -557 148 76 1005
Specimen 0.0018 3844 205 4562 1241
Specimen 0.0018 1358 -132 4200 3181
Specimen 0.0018 -653 2391 140 3891
Specimen 0.0017 -838 938 -57 2308
Specimen 0.0017 -525 663 87 1346
Specimen 0.0017 1086 3901 1589 5297
Specimen 0.0017 4147 2446 4850 3807
Specimen 0.0017 -538 1330 70 1980
Specimen 0.0017 2405 1393 3587 4393
Specimen 0.0016 -628 784 82 2066
Specimen 0.0016 -824 3860 -58 5093
Specimen 0.0016 3928 -44 4694 476
Specimen 0.0016 3819 2164 4755 3657
Specimen 0.0016 3756 2242 4513 3253
Specimen 0.0015 -541 1778 78 2396
Specimen 0.0015 -1151 90 -125 1427
Specimen 0.0015 545 1082 2154 2502
Specimen 0.0015 3633 992 4588 2236
Specimen 0.0015 807 1176 1868 3333
Specimen 0.0015 -955 104 -213 969
Specimen 0.0015 -1213 517 -99 2250
Specimen 0.0015 -1249 2358 -69 4287
Specimen 0.0015 -540 1105 75 1768
Specimen 0.0015 -560 2839 90 3487
Specimen 0.0015 3587 3118 4607 4414
Specimen 0.0014 1570 1634 2450 3962
Specimen 0.0014 -846 2617 -50 4094
Specimen 0.0014 2184 1486 3332 3418
Specimen 0.0014 3648 1464 4187 2284
Specimen 0.0014 4307 3696 4781 4678
Specimen 0.0014 -571 3101 91 3676
Specimen 0.0013 -849 3304 -56 4710
Specimen 0.0013 3754 3512 4504 4580
Specimen 0.0013 -775 1819 -53 2802
Specimen 0.0013 811 2588 1707 4204
Specimen 0.0013 547 3340 1449 4704
Specimen 0.0013 160 -176 2331 1138
Specimen 0.0013 3644 472 4603 1870
Specimen 0.0012 813 2648 2707 4018
Specimen 0.0012 3639 1874 4193 2737
Specimen 0.0012 1218 3961 1525 4979
Specimen 0.0012 3645 1033 4184 1830
Specimen 0.0012 2038 2438 3013 4306
Specimen 0.0012 3647 -7 4193 667
Specimen 0.0012 -679 3549 132 4912
Specimen 0.0012 -977 5298 -273 5680
Specimen 0.0012 -643 3159 94 4456
Specimen 0.0012 -581 3878 66 4630
Specimen 0.0012 -563 3518 68 4125
Specimen 0.0012 3751 2690 4492 3675
Specimen 0.0012 -758 2177 -92 3232
Specimen 0.0011 4150 454 4863 1922
Specimen 0.0011 4012 2271 4700 3142
Specimen 0.0011 -617 -69 137 392
Specimen 0.0011 -562 3306 74 3900
Specimen 0.0011 817 4095 1181 4787
Specimen 0.0011 -1082 157 -517 938
Specimen 0.0011 313 3140 2021 5820
Specimen 0.0011 -1054 1973 -223 3419
Specimen 0.0010 3631 2304 4194 3169
Specimen 0.0010 3504 1261 4274 2417
Specimen 0.0010 3487 1613 4289 2922
Specimen 0.0010 3774 -36 4504 755
Specimen 0.0010 3614 2987 4191 3802
Specimen 0.0010 3495 -15 4326 1094
Specimen 0.0010 1471 1639 1916 2809
Specimen 0.0010 3428 3505 4355 4878
