Label 0.8883 63 4888 992 5428
Label 0.8519 2288 4514 3628 5547
Label 0.0455 2694 309 3460 694
Label 0.0426 2570 4633 3410 5360
Label 0.0254 2352 -25 3758 266
Label 0.0243 59 5325 977 5472
Label 0.0131 3534 3354 4807 5631
Label 0.0122 303 4958 825 5335
Label 0.0080 3043 5517 3814 5620
Label 0.0070 3708 4468 4674 5491
Label 0.0067 -1376 1436 874 5109
Label 0.0065 140 5252 993 5443
Label 0.0065 -139 7 3936 1118
Label 0.0050 3635 4991 4691 5638
Label 0.0044 -722 -409 1884 1730
Label 0.0044 -2740 -770 2201 6109
Label 0.0043 137 4196 949 5115
Label 0.0041 -3 107 536 415
Label 0.0040 2427 2128 5873 6023
Label 0.0039 2413 -216 4790 1532
Label 0.0038 1489 45 3764 339
Label 0.0036 629 4401 3106 5613
Label 0.0036 -1667 435 367 3499
Label 0.0035 3435 4654 4804 5916
Label 0.0034 -320 3881 847 5295
Label 0.0031 2990 -51 3861 263
Label 0.0031 37 31 2838 2043
Label 0.0031 3837 4070 4971 5801
Label 0.0030 2043 -60 3634 489
Label 0.0030 1279 4120 2303 5141
Label 0.0030 2656 3749 4483 5394
Label 0.0029 1948 5452 3270 5640
Label 0.0028 -1234 2351 1749 6588
Label 0.0028 2961 1142 5353 4549
Label 0.0027 70 4841 978 5138
Label 0.0026 1587 -1049 4222 2215
Label 0.0026 -849 4978 195 5734
Label 0.0026 2788 5449 3738 5632
Label 0.0026 -634 3006 -107 3717
Label 0.0026 58 -116 2203 953
Label 0.0025 2346 4307 4684 5614
Label 0.0025 -96 5505 907 5646
Label 0.0025 -599 3507 1118 5597
Label 0.0024 3211 442 5135 3527
Label 0.0024 -523 347 2772 4370
Label 0.0024 -1140 132 1560 3786
Label 0.0024 1985 1361 4406 5090
Label 0.0023 2674 -155 3656 938
Label 0.0022 528 -199 3953 638
Label 0.0022 3194 18 3721 253
Label 0.0022 3295 2003 3796 2593
Label 0.0022 2965 3156 5380 6620
Label 0.0022 -477 3041 58 3679
Label 0.0022 2503 4932 4530 5770
Label 0.0021 -245 8 2030 521
Label 0.0021 -1494 3960 150 5997
Label 0.0021 119 4661 1218 5541
Label 0.0020 -484 2841 49 3463
Label 0.0020 568 4938 3162 5780
Label 0.0020 2231 2571 4122 4737
Label 0.0020 3022 2 3902 452
Label 0.0020 348 2939 3633 6022
Label 0.0020 2291 5501 3507 5618
Label 0.0019 -941 -680 1376 1147
Label 0.0019 -1063 4616 441 6085
Label 0.0019 -57 3157 2299 5794
Label 0.0019 -658 2622 -90 3246
Label 0.0018 984 3726 2616 5350
Label 0.0018 3198 5528 3678 5598
Label 0.0017 3841 1880 4536 2679
Label 0.0017 -531 2447 61 3034
Label 0.0017 200 3966 1814 5189
Label 0.0016 -797 4723 -93 5470
Label 0.0016 3833 1440 4536 2243
Label 0.0016 4323 1203 4773 1980
Label 0.0015 3651 1945 4214 2615
Label 0.0015 -685 1915 -83 2638
Label 0.0015 -547 4709 80 5405
Label 0.0015 -473 3432 65 4115
Label 0.0014 3946 5378 4749 5636
Label 0.0014 -548 1326 57 1984
Label 0.0014 3849 2309 4544 3113
Label 0.0014 79 4007 736 4919
Label 0.0014 -131 4147 1260 5905
Label 0.0014 3673 1501 4207 2181
Label 0.0014 156 5287 1073 5538
Label 0.0014 3261 2169 3802 2865
Label 0.0014 4328 1636 4781 2444
Label 0.0013 3256 3509 3807 4132
Label 0.0013 3674 2151 4204 2837
Label 0.0013 3275 2663 3780 3256
Label 0.0013 -503 1020 79 1764
Label 0.0013 2932 3107 3558 4092
Label 0.0013 1929 3441 3617 4862
Label 0.0013 3258 1755 3793 2415
Label 0.0013 317 733 967 1714
Label 0.0013 -508 2185 70 2804
Label 0.0013 4336 2710 4784 3536
Label 0.0013 153 759 710 1670
Label 0.0013 3819 4153 4601 5200
Label 0.0012 -825 4122 -80 5248
Label 0.0012 4222 1502 4837 2223
Label 0.0012 2128 -1 3454 161
Label 0.0012 -180 4515 3121 6108
Label 0.0012 3684 1267 4193 1961
Label 0.0012 3846 973 4552 1814
Label 0.0012 4205 1052 4870 1790
Label 0.0012 3679 2590 4210 3276
Label 0.0012 -840 5303 -66 5680
Label 0.0012 2348 4399 3652 5075
Label 0.0012 3851 2729 4540 3543
Label 0.0012 2952 2677 3551 3621
Label 0.0011 3746 5286 4599 5653
Label 0.0011 4334 3124 4788 3970
Label 0.0011 2502 5368 3594 5639
Label 0.0011 -542 4186 92 5070
Label 0.0011 -32 364 469 1139
Label 0.0011 3262 1558 3787 2174
Label 0.0011 -1003 2677 -200 3580
Label 0.0010 -958 4664 -311 5543
Label 0.0010 3825 3167 4558 3987
Label 0.0010 -527 1688 80 2416
Label 0.0010 3260 3725 3804 4343
Label 0.0010 2441 4576 3604 4859
Label 0.0010 285 579 1078 1389
Label 0.0010 -674 4309 160 5410
Barcode 0.7657 2780 419 3487 691
Barcode 0.0114 2713 342 3516 609
Barcode 0.0088 -922 2753 313 3831
Barcode 0.0078 3630 65 4665 1231
Barcode 0.0072 -945 2092 331 3635
Barcode 0.0064 -228 -752 4074 1889
Barcode 0.0061 -1322 108 55 1242
Barcode 0.0058 -1519 -823 331 2188
Barcode 0.0056 -527 14 1928 348
Barcode 0.0053 2678 245 4241 1009
Barcode 0.0050 -388 25 1501 1162
Barcode 0.0048 -51 112 606 402
Barcode 0.0047 -978 34 271 543
Barcode 0.0047 -997 3229 409 4255
Barcode 0.0046 3521 -33 4743 574
Barcode 0.0046 2698 302 4526 1890
Barcode 0.0044 -1536 3465 166 4906
Barcode 0.0044 -1235 1532 1380 4174
Barcode 0.0043 -1585 463 230 1819
Barcode 0.0042 -574 -43 943 412
Barcode 0.0041 3510 1003 4813 2154
Barcode 0.0039 2554 1748 4660 3938
Barcode 0.0037 -1499 1711 144 3135
Barcode 0.0037 3283 285 5062 2775
Barcode 0.0036 3239 2195 5034 3536
Barcode 0.0035 429 208 3232 1985
Barcode 0.0035 2739 3230 4427 5047
Barcode 0.0033 2938 1291 4381 2715
Barcode 0.0033 -149 483 1364 1793
Barcode 0.0033 3880 3286 4941 5119
Barcode 0.0033 298 -603 3474 1108
Barcode 0.0032 -1401 2734 911 5609
Barcode 0.0032 3218 -757 5061 1353
Barcode 0.0032 -1025 1447 519 2606
Barcode 0.0032 -929 2870 1150 4639
Barcode 0.0031 -980 3841 369 5365
Barcode 0.0031 2830 -56 4351 454
Barcode 0.0031 3828 306 4992 1896
Barcode 0.0028 -686 1348 1852 3544
Barcode 0.0028 3410 1484 4909 2588
Barcode 0.0028 1738 321 3710 1880
Barcode 0.0028 2290 2221 4080 4385
Barcode 0.0027 -1308 -192 847 3324
Barcode 0.0027 -1616 950 259 2239
Barcode 0.0027 3849 1828 5094 3147
Barcode 0.0027 2431 1236 3922 2719
Barcode 0.0026 3225 2689 5042 3938
Barcode 0.0026 -389 1188 1615 2816
Barcode 0.0026 2640 2994 3741 4398
Barcode 0.0026 3308 3062 4967 4411
Barcode 0.0026 2446 163 4899 3772
Barcode 0.0025 3095 2229 5214 5149
Barcode 0.0024 -1181 5095 -223 5829
Barcode 0.0024 664 67 3817 815
Barcode 0.0024 -863 790 1226 2367
Barcode 0.0023 1635 769 3785 2401
Barcode 0.0023 -1292 4453 -56 5620
Barcode 0.0022 137 795 1849 2358
Barcode 0.0021 3729 464 5326 3543
Barcode 0.0020 2527 3378 3817 4874
Barcode 0.0020 3567 1422 5440 4283
Barcode 0.0013 1711 2889 3801 4585
Barcode 0.0012 953 3361 3588 4926
Barcode 0.0011 2883 367 3377 578
Color Chart 0.2918 150 45 2433 362
Color Chart 0.0255 680 47 1886 341
Color Chart 0.0084 524 98 2841 310
Color Chart 0.0080 399 -103 2558 479
Color Chart 0.0067 -3054 -1716 1906 3082
Color Chart 0.0065 1246 113 2592 279
Color Chart 0.0063 -2193 -299 2614 5626
Color Chart 0.0062 2160 -1291 6175 3485
Color Chart 0.0054 81 67 3641 874
Color Chart 0.0053 -1744 2828 469 5453
Color Chart 0.0053 -1684 -488 383 2674
Color Chart 0.0049 -2551 2312 1300 6742
Color Chart 0.0047 1096 -1 3667 280
Color Chart 0.0045 388 -421 7039 5724
Color Chart 0.0044 -71 -519 3900 2560
Color Chart 0.0038 1133 857 5381 5431
Color Chart 0.0033 -1033 -452 1396 2601
Color Chart 0.0032 631 -628 4967 3556
Color Chart 0.0031 230 3 1689 107
Color Chart 0.0030 -1164 1837 1548 5498
Color Chart 0.0028 2806 2366 6324 6635
Color Chart 0.0027 -18 100 602 351
Color Chart 0.0022 2270 -1720 5081 2004
Color Chart 0.0021 -782 134 2939 3645
Color Chart 0.0021 -399 -861 2692 1876
Color Chart 0.0021 2897 3407 5369 7190
Color Chart 0.0020 251 68 1582 439
Color Chart 0.0019 -19 3455 3909 6326
Color Chart 0.0017 498 2309 4183 5789
Color Chart 0.0014 369 21 1949 145
Color Chart 0.0014 3488 1572 3912 2203
Color Chart 0.0010 3655 2999 4220 3713
Scale 0.7063 968 1933 2119 3531
Scale 0.0144 -50 61 2231 485
Scale 0.0078 509 34 3931 345
Scale 0.0077 3350 -84 4968 2212
Scale 0.0075 711 1127 2089 3413
Scale 0.0054 34 -178 3675 648
Scale 0.0051 3756 3277 5028 5691
Scale 0.0051 -2816 -191 2245 6396
Scale 0.0035 -1117 -649 1461 1951
Scale 0.0031 -1522 371 1938 4454
Scale 0.0025 2479 -14 4822 3035
Scale 0.0025 -1279 3369 698 5776
Scale 0.0022 756 -53 3752 2141
Scale 0.0021 -441 177 1624 2843
Scale 0.0010 1146 2518 2694 3728
Specimen 0.6864 377 2528 2092 5138
Specimen 0.4929 1647 1263 3263 4173
Specimen 0.3884 1013 1020 2575 3910
Specimen 0.1496 1352 1034 2138 2962
Specimen 0.1442 600 1019 3289 5133
Specimen 0.0791 785 1815 2221 3653
Specimen 0.0153 397 2629 1374 4855
Specimen 0.0091 -1539 -179 2791 5624
Specimen 0.0067 2276 1374 3399 3477
Specimen 0.0048 3864 3621 4873 5470
Specimen 0.0037 -769 1486 1876 4233
Specimen 0.0034 720 2231 1831 4493
Specimen 0.0033 169 27 3517 2037
Specimen 0.0030 -854 2451 -51 3816
Specimen 0.0028 -729 3019 -86 3769
Specimen 0.0027 1443 788 4771 4618
Specimen 0.0026 -1274 1943 -47 3829
Specimen 0.0025 3541 1947 3847 2691
Specimen 0.0025 929 1909 2523 5159
Specimen 0.0025 -916 1689 -5 3273
Specimen 0.0024 318 2521 1914 3710
Specimen 0.0024 -526 2900 61 3449
Specimen 0.0024 -744 2579 -85 3352
Specimen 0.0023 -525 3109 59 3668
Specimen 0.0023 1277 1217 2980 2965
Specimen 0.0023 3531 2780 3854 3597
Specimen 0.0023 1682 1156 2635 3445
Specimen 0.0022 1375 4169 2036 5036
Specimen 0.0022 -650 2217 121 3653
Specimen 0.0022 3732 3734 4559 5211
Specimen 0.0022 -878 1022 -37 2211
Specimen 0.0022 -603 2766 69 3982
Specimen 0.0022 3520 3239 3844 4022
Specimen 0.0021 3309 1943 3775 2649
Specimen 0.0021 3305 3241 3765 3970
Specimen 0.0021 3463 1686 3877 2873
Specimen 0.0020 -546 2688 71 3240
Specimen 0.0020 -517 3308 59 3893
Specimen 0.0020 3433 2485 3897 3806
Specimen 0.0019 1240 2770 2173 4945
Specimen 0.0019 3490 3091 3881 3735
Specimen 0.0019 -738 2125 -97 2936
Specimen 0.0019 3640 1622 4556 2911
Specimen 0.0019 -781 282 -33 1176
Specimen 0.0019 3614 1987 4589 3406
Specimen 0.0019 231 691 2136 4214
Specimen 0.0018 3260 2767 3776 3568
Specimen 0.0018 -1216 3560 -100 5279
Specimen 0.0017 -881 577 -8 1802
Specimen 0.0017 -680 -21 196 1131
Specimen 0.0017 -533 2230 60 2822
Specimen 0.0017 -893 -29 -49 433
Specimen 0.0017 -784 1472 -71 2321
Specimen 0.0017 -871 3170 -57 4402
Specimen 0.0017 3503 1814 3876 2421
Specimen 0.0017 -705 987 -55 1801
Specimen 0.0017 3820 152 4583 1318
Specimen 0.0016 4172 1006 4836 2237
Specimen 0.0016 3236 3089 3796 3703
Specimen 0.0016 3438 3003 3877 4168
Specimen 0.0016 -541 2007 55 2623
Specimen 0.0016 3658 1244 4544 2429
Specimen 0.0016 -527 3516 64 4111
Specimen 0.0016 4121 2217 4873 3620
Specimen 0.0016 1228 -117 3522 633
Specimen 0.0016 3624 1907 4192 2710
Specimen 0.0016 3774 2084 4482 3001
Specimen 0.0016 3523 2310 3858 3180
Specimen 0.0016 3501 1519 3896 2283
Specimen 0.0016 -810 3872 -78 5114
Specimen 0.0015 3411 1969 3928 3436
Specimen 0.0015 4128 1397 4862 2714
Specimen 0.0015 3596 3019 4620 4531
Specimen 0.0014 -952 103 -227 969
Specimen 0.0014 -975 5285 -276 5681
Specimen 0.0014 3121 2651 3879 4101
Specimen 0.0014 3763 2505 4500 3452
Specimen 0.0014 -1078 2407 -244 3516
Specimen 0.0014 -658 3390 -90 4169
Specimen 0.0014 -1211 2797 -133 4301
Specimen 0.0014 -685 1252 135 2456
Specimen 0.0014 -656 413 159 1551
Specimen 0.0014 4331 2504 4782 3323
Specimen 0.0014 3948 -5 4696 736
Specimen 0.0014 3504 1831 4271 3114
Specimen 0.0014 -557 1546 54 2215
Specimen 0.0013 175 3559 1902 5362
Specimen 0.0013 -559 3881 69 4638
Specimen 0.0013 4149 3031 4860 4515
Specimen 0.0013 3624 2531 4200 3391
Specimen 0.0013 -1132 131 -157 1387
Specimen 0.0013 3487 2218 4285 3600
Specimen 0.0013 3414 1283 3941 2440
Specimen 0.0013 4331 2073 4778 2881
Specimen 0.0013 3634 1482 4196 2274
Specimen 0.0013 -680 3418 141 4603
Specimen 0.0013 -540 3702 62 4360
Specimen 0.0013 2509 2185 3526 4062
Specimen 0.0012 3264 3612 3786 4428
Specimen 0.0012 -540 873 86 1577
Specimen 0.0012 3249 1682 3792 2476
Specimen 0.0012 3669 780 4598 2024
Specimen 0.0012 3153 1716 3865 3287
Specimen 0.0012 -1070 2915 -260 3892
Specimen 0.0012 -120 2644 984 4898
Specimen 0.0012 -1206 683 -135 2098
Specimen 0.0012 2344 -1549 4119 1984
Specimen 0.0012 -500 570 90 1333
Specimen 0.0011 -1258 1256 -91 2801
Specimen 0.0011 650 2288 1513 3867
Specimen 0.0011 4301 3690 4779 4680
Specimen 0.0011 -555 4218 54 5124
Specimen 0.0011 2793 2424 3706 3825
Specimen 0.0011 3748 2939 4488 3873
Specimen 0.0011 -1069 1997 -263 3073
Specimen 0.0011 -1082 155 -511 947
Specimen 0.0011 3929 2278 4691 3242
Specimen 0.0011 178 563 1107 1787
Specimen 0.0011 3177 3124 3846 4489
Specimen 0.0010 3224 2245 3782 3198
Specimen 0.0010 3593 2962 4201 3824
Specimen 0.0010 3775 -59 4523 483
Specimen 0.0010 188 1706 1582 4534
Specimen 0.0010 829 959 1944 3168
Specimen 0.0010 4181 241 4855 1717
Specimen 0.0010 3816 3561 4605 4468
Specimen 0.0010 2844 2909 3639 4215
