Label 0.8851 2021 4565 3666 5576
Label 0.7874 70 4892 1027 5496
Label 0.0475 123 5331 1060 5503
Label 0.0459 2737 370 3415 724
Label 0.0206 2497 21 3236 222
Label 0.0205 3522 3417 4801 5622
Label 0.0186 3311 11 3749 211
Label 0.0168 21 -85 2506 462
Label 0.0101 83 5190 1008 5541
Label 0.0100 3719 4408 4679 5542
Label 0.0097 2815 4 3735 214
Label 0.0070 2347 1936 5950 6267
Label 0.0069 2521 -30 3555 249
Label 0.0066 3316 57 5018 2078
Label 0.0066 3676 4972 4658 5615
Label 0.0052 3532 4702 4724 5831
Label 0.0051 2527 -323 4765 1637
Label 0.0049 2464 6 3286 392
Label 0.0049 -147 -45 3900 1185
Label 0.0047 315 5052 833 5352
Label 0.0045 2636 49 3099 198
Label 0.0045 34 5449 1039 5609
Label 0.0043 2463 4786 3262 5349
Label 0.0039 -733 3407 1183 5697
Label 0.0039 539 4389 3201 5683
Label 0.0036 3157 0 3796 384
Label 0.0033 2517 4463 4545 5585
Label 0.0032 2582 372 3547 890
Label 0.0031 3101 1451 5216 4287
Label 0.0030 142 4339 1077 5105
Label 0.0030 127 5010 2751 5779
Label 0.0030 107 4785 942 5250
Label 0.0030 3238 735 5146 3289
Label 0.0029 2342 3394 4863 5598
Label 0.0029 -673 988 1888 4658
Label 0.0027 2704 4945 4368 5709
Label 0.0026 3125 3322 5208 6456
Label 0.0025 408 -229 4039 672
Label 0.0024 -1248 4525 682 6153
Label 0.0023 -135 4244 1261 5850
Label 0.0023 938 1269 4533 5044
Label 0.0022 3729 3757 4536 5191
Label 0.0022 2713 -127 3594 937
Label 0.0019 -15 275 2142 1924
Label 0.0019 1838 5424 3366 5644
Label 0.0019 2714 -668 4475 1040
Label 0.0019 4236 2146 4805 2886
Label 0.0018 -497 776 73 1525
Label 0.0018 1626 -975 4153 2137
Label 0.0018 4339 2504 4774 3321
Label 0.0018 1117 4894 3533 5761
Label 0.0018 239 5061 962 5779
Label 0.0018 4337 1852 4774 2671
Label 0.0018 4326 1429 4774 2232
Label 0.0017 3954 5379 4744 5631
Label 0.0017 2151 4541 3491 4924
Label 0.0017 146 2510 3175 4689
Label 0.0017 -23 71 505 406
Label 0.0017 3726 362 4167 1066
Label 0.0016 -1037 -676 1468 1118
Label 0.0016 1979 15 3509 352
Label 0.0016 722 74 3757 1941
Label 0.0016 -700 1201 -68 2006
Label 0.0016 3819 3527 4587 4461
Label 0.0016 -557 1075 98 1769
Label 0.0015 4341 2934 4779 3731
Label 0.0015 3033 38 3425 188
Label 0.0015 3425 9 3766 143
Label 0.0015 2580 25 3023 138
Label 0.0014 -1054 4057 -279 5310
Label 0.0014 145 3233 3526 5684
Label 0.0014 -785 2186 2098 6741
Label 0.0014 -488 1447 61 2180
Label 0.0014 -670 2998 -74 3726
Label 0.0014 -498 1898 79 2620
Label 0.0014 -820 4146 -65 5206
Label 0.0014 -469 3409 48 4127
Label 0.0014 2128 3105 4200 5031
Label 0.0014 3751 5286 4590 5643
Label 0.0013 2952 2889 3582 3850
Label 0.0013 -705 3809 -79 4620
Label 0.0013 -481 3846 51 4557
Label 0.0013 -804 1437 -35 2291
Label 0.0013 3838 2497 4558 3343
Label 0.0013 -562 4065 78 4838
Label 0.0013 -543 4497 67 5265
Label 0.0012 -556 2182 79 2845
Label 0.0012 -851 5018 -66 5651
Label 0.0012 3215 2981 3727 3720
Label 0.0012 206 2051 797 2577
Label 0.0012 -682 -349 2029 833
Label 0.0012 4318 989 4775 1782
Label 0.0012 -966 4639 -368 5577
Label 0.0012 -681 2309 -79 3090
Label 0.0012 -790 4704 -103 5526
Label 0.0012 2325 -71 4124 2216
Label 0.0012 3744 545 3968 845
Label 0.0012 3809 438 4588 1420
Label 0.0012 4201 3669 4808 4809
Label 0.0012 -111 3636 2046 5340
Label 0.0011 4228 3212 4829 3973
Label 0.0011 3830 3117 4562 3994
Label 0.0011 -487 2776 63 3489
Label 0.0011 193 -105 2825 2250
Label 0.0011 -1042 3738 -203 4679
Label 0.0011 314 2636 1022 3607
Label 0.0011 2940 3288 3581 4329
Label 0.0011 -795 2516 -52 3384
Label 0.0010 2149 4358 4056 5138
Label 0.0010 384 5356 892 5474
Label 0.0010 895 3860 3833 6641
Label 0.0010 4266 5357 4814 5672
Label 0.0010 3163 3348 3727 4249
Label 0.0010 2944 3787 3565 4657
Label 0.0010 4310 3495 4778 4453
Label 0.0010 -648 -40 198 314
Label 0.0010 2936 2471 3576 3408
Label 0.0010 3710 2980 4206 3714
Label 0.0010 3741 649 3970 946
Label 0.0010 3699 798 4193 1527
Barcode 0.7796 2771 448 3485 702
Barcode 0.0072 3524 425 4773 1748
Barcode 0.0068 -1476 3044 57 4402
Barcode 0.0061 -1015 3439 375 4885
Barcode 0.0061 -1044 2166 437 3566
Barcode 0.0061 -1127 -621 535 2861
Barcode 0.0060 3578 139 4698 1209
Barcode 0.0059 -1265 163 49 1206
Barcode 0.0058 -1457 441 143 1826
Barcode 0.0056 2763 127 4318 1218
Barcode 0.0055 -1025 2673 442 3954
Barcode 0.0052 -1048 1373 504 2652
Barcode 0.0052 -1005 961 442 2204
Barcode 0.0052 -116 78 2262 585
Barcode 0.0050 -150 -799 3948 1910
Barcode 0.0050 -1436 3855 22 5304
Barcode 0.0050 -1021 1808 482 3068
Barcode 0.0050 -1323 196 773 3838
Barcode 0.0047 -550 3827 957 5399
Barcode 0.0046 -1049 1861 1298 3832
Barcode 0.0045 -947 50 222 513
Barcode 0.0043 138 54 3544 995
Barcode 0.0042 -828 3307 1116 4995
Barcode 0.0041 2775 437 4461 1775
Barcode 0.0040 3786 1902 5165 3080
Barcode 0.0040 3846 3319 4980 5086
Barcode 0.0039 3773 2294 5150 3518
Barcode 0.0039 3462 1058 4903 2141
Barcode 0.0039 -534 3 1623 1286
Barcode 0.0037 3405 1510 4951 2564
Barcode 0.0036 3550 15 4728 570
Barcode 0.0035 -609 -2 1828 353
Barcode 0.0034 -815 374 1051 1886
Barcode 0.0034 2541 3842 4653 5323
Barcode 0.0034 -865 1152 1188 2847
Barcode 0.0032 2736 3376 4458 4922
Barcode 0.0031 3789 -517 5120 1920
Barcode 0.0031 3513 1151 5539 4612
Barcode 0.0031 2475 1507 3773 2671
Barcode 0.0030 -1060 5013 424 5780
Barcode 0.0029 2799 231 3652 631
Barcode 0.0029 3067 -86 4055 401
Barcode 0.0028 -1046 4411 406 5660
Barcode 0.0028 3265 2766 5009 3843
Barcode 0.0027 2492 1375 4844 2717
Barcode 0.0027 2309 767 4088 2344
Barcode 0.0027 -1218 5100 -224 5803
Barcode 0.0026 2127 2044 4248 3727
Barcode 0.0026 2350 1713 4947 3226
Barcode 0.0025 3067 2416 5206 5018
Barcode 0.0025 137 658 1914 1611
Barcode 0.0025 3228 -784 5054 1371
Barcode 0.0024 -276 866 1416 2265
Barcode 0.0024 -1552 -1012 350 1562
Barcode 0.0024 3335 3179 4937 4313
Barcode 0.0023 2532 2618 4703 4026
Barcode 0.0022 -153 1635 1328 3199
Barcode 0.0021 -115 2275 2068 4283
Barcode 0.0021 -346 2891 1461 4542
Barcode 0.0021 -1454 4493 75 6250
Barcode 0.0018 -214 2526 1383 3971
Barcode 0.0017 2516 2950 3901 4516
Barcode 0.0017 880 422 3616 1768
Barcode 0.0017 -107 75 619 383
Barcode 0.0017 3681 -38 5378 3208
Barcode 0.0017 102 3758 2731 5418
Barcode 0.0016 218 -712 2628 1216
Barcode 0.0015 1426 2394 3905 4221
Barcode 0.0014 -53 3352 1988 4939
Barcode 0.0014 -449 434 1612 3520
Barcode 0.0013 1647 3479 3749 4868
Barcode 0.0010 1171 840 3288 2393
Color Chart 0.3076 77 18 2505 292
Color Chart 0.0583 479 43 2030 257
Color Chart 0.0230 357 -79 2608 421
Color Chart 0.0188 2770 377 3463 733
Color Chart 0.0148 774 9 1848 355
Color Chart 0.0093 -1732 2452 387 4889
Color Chart 0.0093 -2773 1830 1485 6349
Color Chart 0.0092 304 39 1832 158
Color Chart 0.0080 -2728 -959 3220 6348
Color Chart 0.0079 -3011 -1267 1821 3480
Color Chart 0.0075 -1576 -418 295 2606
Color Chart 0.0061 -1710 860 389 3932
Color Chart 0.0059 -1673 3354 302 5678
Color Chart 0.0054 116 91 1583 333
Color Chart 0.0054 2176 -1138 5141 2378
Color Chart 0.0051 -1092 2659 1413 5548
Color Chart 0.0051 -1371 650 1737 5075
Color Chart 0.0046 366 97 2989 269
Color Chart 0.0046 212 15 1683 113
Color Chart 0.0041 1371 76 2675 276
Color Chart 0.0040 781 403 5765 5067
Color Chart 0.0036 -1449 -1712 2744 2905
Color Chart 0.0035 1359 1636 6151 6427
Color Chart 0.0030 1187 -970 6316 3922
Color Chart 0.0030 105 3598 3680 6981
Color Chart 0.0026 2187 797 5125 4011
Color Chart 0.0026 966 82 2087 295
Color Chart 0.0024 -1916 3116 1500 7540
Color Chart 0.0024 1690 -648 7494 6125
Color Chart 0.0024 397 -767 4234 2811
Color Chart 0.0023 2379 91 4923 2955
Color Chart 0.0022 3015 3585 5247 7012
Color Chart 0.0021 -323 2991 4146 5914
Color Chart 0.0021 2322 2172 4933 5214
Color Chart 0.0018 2295 -3084 6948 3505
Color Chart 0.0017 3656 373 4203 1181
Color Chart 0.0017 -778 1586 2980 5629
Color Chart 0.0016 1197 59 3540 355
Color Chart 0.0015 1369 2631 4157 5400
Color Chart 0.0015 -73 57 680 281
Color Chart 0.0013 1630 5437 2228 5552
Color Chart 0.0012 -711 731 -46 1611
Scale 0.6183 825 3137 2998 4304
Scale 0.0121 1359 3263 2799 4127
Scale 0.0071 199 75 2585 495
Scale 0.0052 -1320 3223 691 5845
Scale 0.0051 467 32 3948 374
Scale 0.0049 3372 -279 4970 1675
Scale 0.0044 3672 2748 5259 5522
Scale 0.0032 -1097 -718 1474 2036
Scale 0.0032 -37 -194 3591 629
Scale 0.0028 2420 2797 4805 5415
Scale 0.0021 1994 27 4392 2967
Scale 0.0020 1279 -357 6982 5840
Scale 0.0020 -558 2912 1677 5275
Scale 0.0019 3688 153 4612 1351
Scale 0.0018 -858 958 -17 2284
Scale 0.0018 -490 205 1670 2830
Scale 0.0017 1332 2433 4019 4826
Scale 0.0017 2170 1230 4072 3472
Scale 0.0016 3554 231 4256 1251
Scale 0.0016 137 3355 2817 4729
Scale 0.0013 99 2589 2943 5362
Scale 0.0013 1492 3337 2263 4037
Specimen 0.8070 -2 730 3488 3732
Specimen 0.0728 999 3190 2841 4357
Specimen 0.0112 58 1660 2894 4673
Specimen 0.0110 346 950 2704 3162
Specimen 0.0109 1056 830 2122 3641
Specimen 0.0061 1109 1230 3378 3423
Specimen 0.0039 220 -77 2709 488
Specimen 0.0024 3609 3549 4671 5276
Specimen 0.0023 2070 1537 3333 2836
Specimen 0.0023 -1223 3541 -83 5285
Specimen 0.0022 -655 155 153 1392
Specimen 0.0021 -906 -17 -32 429
Specimen 0.0020 4118 1779 4866 3174
Specimen 0.0019 4134 1180 4850 2485
Specimen 0.0019 1411 1636 3292 4589
Specimen 0.0018 -622 570 106 1829
Specimen 0.0018 3659 1863 4560 3105
Specimen 0.0018 -802 69 -80 1101
Specimen 0.0017 3646 2295 4567 3535
Specimen 0.0017 2624 1701 3429 2717
Specimen 0.0017 3818 216 4578 1195
Specimen 0.0016 4146 2462 4853 3786
Specimen 0.0016 3685 1468 4536 2643
Specimen 0.0016 -855 249 -6 1701
Specimen 0.0016 4136 3351 4874 5046
Specimen 0.0015 -886 3287 -9 4715
Specimen 0.0015 -822 3926 -51 5014
Specimen 0.0015 -906 2379 0 3890
Specimen 0.0015 -1248 746 -80 2452
Specimen 0.0015 -1264 2900 -77 4625
Specimen 0.0015 4153 764 4842 2045
Specimen 0.0015 3949 0 4675 718
Specimen 0.0014 -1263 1400 -78 3097
Specimen 0.0014 377 759 2665 2060
Specimen 0.0014 -625 1006 111 2252
Specimen 0.0014 -638 1857 105 3136
Specimen 0.0014 -1124 4138 -181 5545
Specimen 0.0014 3917 2290 4680 3217
Specimen 0.0014 3612 3108 4607 4423
Specimen 0.0014 3648 -7 4195 694
Specimen 0.0013 3687 1043 4556 2188
Specimen 0.0013 -1309 1962 -46 3818
Specimen 0.0013 3660 575 4588 1770
Specimen 0.0013 -1020 5355 -176 5659
Specimen 0.0013 3918 1872 4677 2773
Specimen 0.0012 -682 3568 163 4883
Specimen 0.0012 -644 2725 111 4007
Specimen 0.0012 -787 3180 -42 4028
Specimen 0.0012 3618 2723 4581 3960
Specimen 0.0012 -648 3151 116 4441
Specimen 0.0012 -807 1878 -38 2730
Specimen 0.0012 -996 278 -224 1228
Specimen 0.0012 -701 4000 190 5288
Specimen 0.0012 564 1759 2876 3520
Specimen 0.0011 815 2318 2748 4451
Specimen 0.0011 173 2324 1133 3890
Specimen 0.0011 3054 2742 3833 3960
Specimen 0.0010 -642 1438 120 2687
Specimen 0.0010 3905 1435 4691 2356
Specimen 0.0010 4290 3684 4766 4694
Specimen 0.0010 3765 -58 4525 491
Specimen 0.0010 608 202 2383 1811
Specimen 0.0010 -972 5048 -253 5613
Specimen 0.0010 3970 -61 4735 352
Specimen 0.0010 1084 2378 3292 3804
Specimen 0.0010 1010 469 3456 2604
Specimen 0.0010 2320 -1660 4198 2179
Specimen 0.0010 -1064 141 -526 954
