Label 0.8400 1945 4492 3652 5410
Label 0.7490 2063 4076 3445 4493
Label 0.7244 170 4668 976 5215
Label 0.0276 1837 5372 3861 5613
Label 0.0207 2365 4153 3201 4358
Label 0.0167 3441 3446 4851 5660
Label 0.0134 3644 3868 4696 5346
Label 0.0126 2847 223 3507 626
Label 0.0113 2259 3043 3531 4132
Label 0.0089 207 5265 3500 5678
Label 0.0087 967 19 2061 261
Label 0.0084 -23 5398 1821 5621
Label 0.0083 3644 4976 4668 5627
Label 0.0073 2079 3746 3564 4709
Label 0.0071 3481 -309 4872 1690
Label 0.0069 2429 8 3784 148
Label 0.0068 2490 88 3739 270
Label 0.0068 3529 4655 4749 5897
Label 0.0057 3137 1714 5133 4801
Label 0.0046 698 -62 3781 1216
Label 0.0045 455 -77 2596 316
Label 0.0045 3617 4436 3753 5219
Label 0.0043 2222 2580 3485 3797
Label 0.0042 3860 4399 4890 5603
Label 0.0041 2053 1494 3998 4149
Label 0.0041 2367 4645 3163 5119
Label 0.0039 2029 4198 3517 4675
Label 0.0038 3305 403 5027 3544
Label 0.0036 -908 -254 2108 1480
Label 0.0035 3402 4388 3787 5363
Label 0.0035 -216 4231 800 5215
Label 0.0034 994 5401 3406 5601
Label 0.0033 2068 2597 3603 4563
Label 0.0032 -1270 3862 646 6069
Label 0.0031 391 4410 3327 5709
Label 0.0030 2458 2682 4803 5491
Label 0.0030 2037 4309 3547 4974
Label 0.0029 2665 1 3666 1195
Label 0.0029 28 5160 1887 5687
Label 0.0029 -1067 2242 1569 6713
Label 0.0027 43 4809 3696 5974
Label 0.0027 174 -211 3554 683
Label 0.0027 -343 4981 850 5629
Label 0.0026 2398 1102 3549 2680
Label 0.0026 3104 4132 3929 5252
Label 0.0025 357 3716 1072 4567
Label 0.0024 3171 3218 5182 6593
Label 0.0023 -520 3599 1046 5598
Label 0.0022 2047 5061 4012 5741
Label 0.0021 -6 3388 3797 6388
Label 0.0021 2974 2539 3545 3307
Label 0.0021 -783 2506 -63 3387
Label 0.0020 3931 5362 4750 5628
Label 0.0019 2473 -626 4661 1123
Label 0.0019 -796 1393 -62 2348
Label 0.0019 -762 2977 -63 3800
Label 0.0019 4346 2504 4775 3309
Label 0.0019 4333 1844 4768 2662
Label 0.0018 2053 3899 3523 4366
Label 0.0018 3927 2034 4712 2998
Label 0.0018 193 4045 1622 5215
Label 0.0018 -481 3012 53 3693
Label 0.0017 -539 2347 93 3107
Label 0.0017 2267 -2048 5043 2379
Label 0.0017 -812 4430 -96 5345
Label 0.0017 -794 3359 -52 4284
Label 0.0016 -780 2058 -75 2982
Label 0.0016 124 4940 814 5460
Label 0.0016 78 64 769 355
Label 0.0016 -116 2981 2162 5945
Label 0.0016 165 5249 1575 5591
Label 0.0016 -83 4730 2016 6081
Label 0.0016 -813 3924 -71 4999
Label 0.0016 4321 1410 4768 2230
Label 0.0016 2362 5297 3623 5571
Label 0.0016 2483 4498 4697 6207
Label 0.0015 3758 5264 4581 5649
Label 0.0015 4343 2939 4780 3732
Label 0.0015 -552 1464 94 2266
Label 0.0015 3941 1621 4711 2567
Label 0.0015 4228 2125 4852 2888
Label 0.0015 1612 5053 1872 5262
Label 0.0015 -625 4547 1107 6052
Label 0.0014 -558 3465 79 4160
Label 0.0014 3555 4575 3794 5478
Label 0.0014 4329 3345 4789 4177
Label 0.0014 2811 2935 3693 3811
Label 0.0014 2903 2718 3614 3568
Label 0.0014 4233 1690 4844 2462
Label 0.0014 -498 2161 82 2818
Label 0.0013 1927 4639 4144 5966
Label 0.0013 2712 2268 3384 3161
Label 0.0013 413 48 1363 358
Label 0.0013 263 5057 1049 5485
Label 0.0013 1546 3926 3461 5162
Label 0.0013 -18 5025 437 5484
Label 0.0013 3684 799 4181 1556
Label 0.0013 -811 4965 -72 5681
Label 0.0013 3914 2471 4727 3420
Label 0.0013 -731 1895 -55 2639
Label 0.0013 3836 1432 4586 2270
Label 0.0012 3244 4390 3914 5029
Label 0.0012 1480 228 3328 798
Label 0.0012 4226 2771 4861 3538
Label 0.0012 3822 447 4552 1469
Label 0.0012 3645 4567 3756 5047
Label 0.0012 3677 1275 4208 1982
Label 0.0012 -574 3849 65 4633
Label 0.0012 3691 1511 4214 2202
Label 0.0012 1516 4906 1976 5373
Label 0.0012 4310 3742 4783 4629
Label 0.0012 3817 980 4577 1842
Label 0.0012 2924 3742 4244 5506
Label 0.0012 3734 1935 4192 2608
Label 0.0012 2797 5453 4084 5637
Label 0.0011 2274 -144 3664 860
Label 0.0011 -961 4644 -379 5581
Label 0.0011 3615 4939 3734 5308
Label 0.0011 1818 -1510 3918 1863
Label 0.0011 1198 156 1864 975
Label 0.0011 3221 5201 3827 5532
Label 0.0011 2949 2209 3602 2856
Label 0.0010 4257 5351 4832 5665
Label 0.0010 3651 -18 4289 302
Label 0.0010 2107 5433 3451 5633
Label 0.0010 -1037 4096 -297 5279
Label 0.0010 236 4565 1000 5000
Label 0.0010 1271 2983 3572 5813
Label 0.0010 146 357 730 1182
Label 0.0010 4226 1226 4844 2063
Label 0.0010 -1022 5365 -185 5674
Label 0.0010 -35 4759 626 5430
Label 0.0010 514 5385 1806 5559
Label 0.0010 3682 3625 4204 4349
Label 0.0010 3659 329 4193 1176
Label 0.0010 -919 -30 -218 361
Barcode 0.8622 2807 291 3495 550
Barcode 0.0107 3427 -54 4884 2169
Barcode 0.0085 3620 393 4723 1786
Barcode 0.0073 3669 145 4684 1223
Barcode 0.0070 3633 18 4698 500
Barcode 0.0069 3498 3551 4795 4783
Barcode 0.0066 -1198 2091 623 5298
Barcode 0.0065 3535 995 4830 2164
Barcode 0.0060 -1440 3868 10 5290
Barcode 0.0059 -959 3086 334 4384
Barcode 0.0055 -965 2652 332 3943
Barcode 0.0053 794 23 1817 281
Barcode 0.0051 -782 12 1969 374
Barcode 0.0050 -1151 644 536 2432
Barcode 0.0049 3294 3115 4954 4315
Barcode 0.0048 -1676 -425 347 2602
Barcode 0.0048 3815 3726 4931 5455
Barcode 0.0048 3346 2589 4918 3921
Barcode 0.0045 -1101 -7 408 551
Barcode 0.0044 2745 138 4248 1138
Barcode 0.0042 3464 1423 4870 2593
Barcode 0.0041 -1330 4406 -55 5627
Barcode 0.0040 3349 -643 4973 1190
Barcode 0.0040 -1556 293 158 1948
Barcode 0.0039 -1338 121 786 3796
Barcode 0.0039 -1379 21 69 1342
Barcode 0.0037 3405 1696 4909 3180
Barcode 0.0037 -880 823 1156 3174
Barcode 0.0037 -1499 2137 101 3575
Barcode 0.0036 2625 351 4561 1845
Barcode 0.0035 -609 25 1713 1219
Barcode 0.0035 2713 3485 4498 4825
Barcode 0.0035 2812 1462 3114 1717
Barcode 0.0035 -848 1528 1076 4211
Barcode 0.0035 -1515 1299 155 2716
Barcode 0.0033 2409 2470 4746 4081
Barcode 0.0032 -711 2780 947 4628
Barcode 0.0032 -1012 1630 403 3250
Barcode 0.0031 -448 332 1629 1868
Barcode 0.0030 -1017 4947 390 5853
Barcode 0.0030 2500 1208 4754 2781
Barcode 0.0030 3809 -200 5132 3233
Barcode 0.0030 -1248 5065 -197 5856
Barcode 0.0029 2779 27 4179 564
Barcode 0.0029 1663 3508 2089 3837
Barcode 0.0027 3779 2093 5051 3690
Barcode 0.0026 3570 1850 5436 5537
Barcode 0.0024 -1534 4296 154 6455
Barcode 0.0024 1727 3538 2064 3736
Barcode 0.0023 -52 37 526 394
Barcode 0.0023 -194 39 1047 313
Barcode 0.0023 3657 794 5273 4048
Barcode 0.0020 -1363 -681 802 1281
Barcode 0.0018 1758 5290 1950 5413
Barcode 0.0016 -713 -1445 2140 1874
Barcode 0.0015 261 3770 3452 6826
Barcode 0.0015 2787 1481 3023 1806
Barcode 0.0014 656 -1051 3927 1504
Barcode 0.0013 1776 3336 2093 3501
Barcode 0.0013 441 1316 614 1478
Barcode 0.0013 1565 3422 2050 3993
Barcode 0.0011 1512 66 2423 297
Barcode 0.0010 2972 290 3458 442
Color Chart 0.2690 258 7 2482 233
Color Chart 0.0085 -2894 2340 1617 6705
Color Chart 0.0081 -1692 2850 337 5332
Color Chart 0.0075 1006 58 2331 211
Color Chart 0.0069 2285 -1217 6025 3372
Color Chart 0.0066 1740 5300 1972 5399
Color Chart 0.0065 -2139 -1081 1725 3241
Color Chart 0.0058 878 6 3377 215
Color Chart 0.0058 3142 2117 5123 5258
Color Chart 0.0056 -281 10 1669 272
Color Chart 0.0056 2905 2459 5447 6597
Color Chart 0.0055 -2003 -467 2501 5180
Color Chart 0.0054 535 43 1765 260
Color Chart 0.0052 1063 -575 6347 5947
Color Chart 0.0046 -1700 1134 380 4461
Color Chart 0.0039 2220 5399 3771 5614
Color Chart 0.0038 -1052 -985 2300 2171
Color Chart 0.0037 -838 1944 1206 5269
Color Chart 0.0037 1971 844 5278 4811
Color Chart 0.0036 2345 143 4912 2748
Color Chart 0.0034 -265 45 709 318
Color Chart 0.0032 1413 19 2610 184
Color Chart 0.0027 1938 1104 7290 7116
Color Chart 0.0026 13 -101 2246 420
Color Chart 0.0019 234 11 1459 163
Color Chart 0.0019 3609 5097 3738 5385
Color Chart 0.0018 1605 3520 2181 3783
Color Chart 0.0018 3581 5206 3756 5425
Color Chart 0.0017 -846 11 867 306
Color Chart 0.0013 -37 5397 1278 5572
Color Chart 0.0012 424 1374 618 1527
Color Chart 0.0011 3649 1030 4171 1828
Color Chart 0.0011 1654 3534 2006 3747
Color Chart 0.0010 1700 3327 2183 3526
Color Chart 0.0010 3826 3577 4581 4419
Scale 0.7377 1106 2077 1897 3933
Scale 0.1203 949 1881 2279 4211
Scale 0.0094 204 29 3438 306
Scale 0.0061 3583 4387 3740 5361
Scale 0.0057 3715 3287 5095 5741
Scale 0.0056 -1367 -363 765 2585
Scale 0.0042 -1082 -46 1430 3873
Scale 0.0039 3807 -375 5046 2486
Scale 0.0031 3525 4093 3775 5350
Scale 0.0029 1262 2438 1811 3642
Scale 0.0027 -859 2645 1199 5511
Scale 0.0022 638 1683 2825 3689
Scale 0.0020 943 2478 1640 4050
Scale 0.0020 1423 1566 2089 3773
Scale 0.0015 3631 4429 3780 5192
Scale 0.0012 681 2890 1924 4122
Scale 0.0010 3483 601 4305 1734
Specimen 0.7960 731 360 3589 5270
Specimen 0.5340 252 809 1772 4336
Specimen 0.3599 491 2510 1139 4404
Specimen 0.2649 1012 596 1778 1240
Specimen 0.1834 387 2127 1520 4409
Specimen 0.0390 803 2181 2363 4867
Specimen 0.0211 383 1034 1765 2664
Specimen 0.0149 1555 561 3419 4020
Specimen 0.0134 1012 1576 2933 5126
Specimen 0.0107 249 1676 1400 3712
Specimen 0.0098 2145 571 3416 2397
Specimen 0.0097 182 -66 3481 1319
Specimen 0.0093 320 320 3302 2577
Specimen 0.0089 709 813 2302 4095
Specimen 0.0087 2063 547 2974 1462
Specimen 0.0085 1058 3072 2095 5148
Specimen 0.0073 736 1170 1721 3715
Specimen 0.0064 1099 1926 3259 3742
Specimen 0.0063 1812 495 4221 5041
Specimen 0.0063 -132 -553 3886 1793
Specimen 0.0059 482 2587 892 4026
Specimen 0.0051 822 1363 1729 2031
Specimen 0.0049 1944 2513 3406 4198
Specimen 0.0048 879 489 1779 2316
Specimen 0.0046 -142 446 1583 2540
Specimen 0.0045 -1041 418 1481 5077
Specimen 0.0044 935 136 3595 931
Specimen 0.0040 838 1352 3061 3135
Specimen 0.0040 2394 550 3475 1737
Specimen 0.0039 2231 234 3386 1346
Specimen 0.0039 1696 1637 2704 3994
Specimen 0.0033 1858 847 3073 2171
Specimen 0.0031 1095 665 1530 1178
Specimen 0.0028 2157 1027 3928 3862
Specimen 0.0028 421 3012 1614 4938
Specimen 0.0027 3608 3624 4657 5206
Specimen 0.0027 0 1148 990 4285
Specimen 0.0026 1524 1773 3705 4652
Specimen 0.0023 3903 -26 4697 457
Specimen 0.0023 2602 836 3410 2016
Specimen 0.0023 224 1540 1675 2445
Specimen 0.0023 2229 -160 3982 2345
Specimen 0.0023 -938 2060 49 3757
Specimen 0.0021 1206 2947 2619 5369
Specimen 0.0021 3915 1650 4701 3307
Specimen 0.0020 332 2986 2806 5883
Specimen 0.0020 -873 1126 -1 2555
Specimen 0.0020 3808 163 4495 1435
Specimen 0.0020 3823 4189 4568 5162
Specimen 0.0020 4177 1519 4842 3017
Specimen 0.0020 -880 2769 -10 4363
Specimen 0.0020 432 574 1874 1743
Specimen 0.0019 1705 1080 2426 3392
Specimen 0.0019 4185 2174 4840 3647
Specimen 0.0019 2656 1435 3175 1859
Specimen 0.0019 -5 293 2332 1950
Specimen 0.0019 -902 -13 -36 417
Specimen 0.0018 1660 1384 3540 3066
Specimen 0.0018 516 295 1795 1352
Specimen 0.0017 86 2481 2072 5504
Specimen 0.0017 3958 5317 4706 5656
Specimen 0.0017 -888 3461 -8 4962
Specimen 0.0016 -630 2682 120 4047
Specimen 0.0016 -773 3155 -59 4049
Specimen 0.0016 -677 1711 197 3275
Specimen 0.0015 -831 139 432 1357
Specimen 0.0015 2747 1037 3228 1857
Specimen 0.0015 4166 3455 4855 4959
Specimen 0.0014 4194 2848 4831 4271
Specimen 0.0014 556 1790 1762 2263
Specimen 0.0014 1576 -32 3225 1075
Specimen 0.0014 4170 885 4854 2367
Specimen 0.0013 -1263 1577 -46 3334
Specimen 0.0013 3927 2387 4698 3865
Specimen 0.0013 3615 455 4657 1893
Specimen 0.0013 -1247 3111 -86 4840
Specimen 0.0013 3932 1079 4683 2593
Specimen 0.0013 -801 866 -68 2020
Specimen 0.0012 564 2675 1091 3808
Specimen 0.0012 3776 1873 4539 2765
Specimen 0.0012 1198 2550 2652 4276
Specimen 0.0012 1890 1140 2997 3359
Specimen 0.0012 969 450 2339 1494
Specimen 0.0012 3649 1938 4199 2668
Specimen 0.0012 -1168 3872 -139 5377
Specimen 0.0012 -893 -140 833 763
Specimen 0.0012 2528 1958 3549 3423
Specimen 0.0012 3774 1440 4535 2353
Specimen 0.0011 2466 1164 3500 2365
Specimen 0.0011 1497 2833 3397 5116
Specimen 0.0011 -1225 817 -82 2395
Specimen 0.0011 214 2002 746 3886
Specimen 0.0011 3778 928 4514 1968
Specimen 0.0011 1222 663 1715 1138
Specimen 0.0011 -738 -58 677 1981
Specimen 0.0011 480 3889 996 4431
Specimen 0.0011 3649 1504 4186 2256
Specimen 0.0011 3936 -16 4686 1187
Specimen 0.0011 872 811 2525 2369
Specimen 0.0011 827 -250 2128 1283
Specimen 0.0011 3650 -53 4240 362
Specimen 0.0010 565 3635 1187 4368
Specimen 0.0010 51 2441 1023 4595
Specimen 0.0010 3682 -8 4166 662
Specimen 0.0010 -957 360 112 2005
Specimen 0.0010 3442 1705 4336 3249
Specimen 0.0010 3671 301 4149 1269
Specimen 0.0010 -668 894 189 2360
Specimen 0.0010 4156 183 4872 1763
Specimen 0.0010 772 477 1638 1174
Specimen 0.0010 3472 381 4321 1520
Specimen 0.0010 4228 3216 4856 3965
Specimen 0.0010 1166 1410 1809 3130
Specimen 0.0010 1744 1255 2304 2046
Specimen 0.0010 3761 2238 4512 3252
Specimen 0.0010 -696 3721 178 5146
