Label 0.8607 2310 4580 3701 5564
Label 0.8162 123 4862 1316 5487
Label 0.0570 -23 -33 3727 356
Label 0.0461 2941 267 3679 632
Label 0.0210 2602 4662 3440 5400
Label 0.0166 3547 3412 4773 5588
Label 0.0138 3154 4623 3662 4745
Label 0.0109 122 5320 1327 5528
Label 0.0109 207 23 2830 247
Label 0.0056 3723 4411 4658 5515
Label 0.0053 2952 2721 5358 6282
Label 0.0046 -937 -341 188 1755
Label 0.0045 1825 438 3784 2522
Label 0.0044 2361 2662 3986 4647
Label 0.0043 2826 4036 4348 5189
Label 0.0043 -183 4528 1363 6002
Label 0.0041 -23 -171 3699 634
Label 0.0039 3641 4996 4668 5636
Label 0.0038 363 4827 3347 5695
Label 0.0034 3087 1684 5201 4911
Label 0.0033 3899 4091 4900 5757
Label 0.0032 2845 4548 3984 5432
Label 0.0031 2643 3462 4615 5548
Label 0.0031 120 5454 1333 5609
Label 0.0031 3464 4692 4783 5872
Label 0.0029 2867 -2 3896 1145
Label 0.0029 41 4493 3667 5931
Label 0.0029 2519 192 3929 2068
Label 0.0029 -666 5051 1079 5736
Label 0.0028 -1077 -780 2363 2901
Label 0.0028 60 3895 1156 5249
Label 0.0027 414 -95 2563 539
Label 0.0027 2149 1117 4233 4466
Label 0.0026 -1063 4025 413 5831
Label 0.0026 1084 4425 2725 5475
Label 0.0025 3048 4589 3635 4784
Label 0.0025 -538 126 1671 2023
Label 0.0025 175 4349 1543 5651
Label 0.0023 2959 671 3560 1777
Label 0.0023 2195 4257 3889 5332
Label 0.0023 2701 3471 3711 4700
Label 0.0023 1346 2709 4011 5459
Label 0.0022 17 3787 1871 5408
Label 0.0021 1082 64 1973 445
Label 0.0021 510 5035 1028 5274
Label 0.0021 2948 2447 3555 3425
Label 0.0021 3054 4555 3800 5046
Label 0.0021 -1007 -599 1433 1012
Label 0.0020 203 5046 1216 5733
Label 0.0020 -363 2295 1576 5096
Label 0.0020 -51 -19 1914 336
Label 0.0020 321 -19 4082 1063
Label 0.0020 -429 3028 2527 5875
Label 0.0020 561 101 1647 389
Label 0.0019 2252 -983 4266 2204
Label 0.0019 -621 4538 949 5620
Label 0.0019 3240 2557 3735 3285
Label 0.0019 3190 711 3715 1715
Label 0.0019 1453 -22 3797 266
Label 0.0019 1252 44 3530 373
Label 0.0018 373 4654 2496 5445
Label 0.0018 3185 2922 3729 3806
Label 0.0018 14 260 553 864
Label 0.0018 2038 5440 3209 5650
Label 0.0018 265 3356 994 4694
Label 0.0018 4356 2702 4781 3534
Label 0.0017 2953 2867 3560 3876
Label 0.0016 3971 5387 4737 5629
Label 0.0016 -913 3693 1390 6961
Label 0.0016 144 368 633 1095
Label 0.0016 2925 1986 3562 3031
Label 0.0016 -493 3001 73 3720
Label 0.0016 3803 3555 4583 4431
Label 0.0016 112 3764 697 4699
Label 0.0016 -665 3409 -70 4169
Label 0.0016 -814 4061 -57 5284
Label 0.0016 323 3065 947 4150
Label 0.0015 2713 1570 3326 2606
Label 0.0015 -741 1417 -49 2241
Label 0.0015 4350 3127 4781 3964
Label 0.0015 2918 1572 3586 2603
Label 0.0015 4242 2366 4801 3114
Label 0.0014 3237 2106 3743 2867
Label 0.0014 3866 2686 4540 3551
Label 0.0014 2152 5316 2362 5513
Label 0.0014 -1433 -2085 1030 2545
Label 0.0014 2540 1587 3098 2582
Label 0.0014 1159 -100 3209 554
Label 0.0014 -661 -55 188 333
Label 0.0013 2786 -571 4362 1056
Label 0.0013 3403 1437 4034 2221
Label 0.0013 -500 3609 77 4384
Label 0.0013 3178 3316 3722 4305
Label 0.0013 -825 5045 -62 5640
Label 0.0013 225 5141 1362 5513
Label 0.0013 1601 50 2380 470
Label 0.0013 163 4832 1342 5146
Label 0.0013 3253 1648 3750 2425
Label 0.0013 3394 2522 4032 3324
Label 0.0013 3832 985 4569 1780
Label 0.0013 -339 -87 2274 1402
Label 0.0013 -685 3800 -73 4629
Label 0.0013 3831 3132 4561 3982
Label 0.0013 4 3226 546 3956
Label 0.0012 75 49 787 477
Label 0.0012 4241 1922 4806 2693
Label 0.0012 2126 4642 3187 5507
Label 0.0012 2708 1950 3305 3063
Label 0.0012 4317 3512 4779 4433
Label 0.0012 -935 4611 -409 5582
Label 0.0012 159 3133 721 4002
Label 0.0012 -545 4426 73 5328
Label 0.0012 3174 4649 3667 4915
Label 0.0012 2925 1083 3571 2243
Label 0.0012 3697 1041 4202 1734
Label 0.0012 3838 1384 4578 2253
Label 0.0012 93 5284 989 5622
Label 0.0012 2375 4564 2589 4721
Label 0.0012 3735 2730 4210 3509
Label 0.0012 -764 4679 -102 5539
Label 0.0011 3679 593 4198 1321
Label 0.0011 2374 4605 2744 4761
Label 0.0011 3374 2959 4037 3738
Label 0.0011 -523 2595 96 3266
Label 0.0011 3219 1228 3761 2014
Label 0.0011 -525 1914 93 2649
Label 0.0011 3752 5287 4582 5653
Label 0.0011 -999 3523 -244 4460
Label 0.0011 545 4955 2089 5562
Label 0.0011 2300 5505 3478 5607
Label 0.0011 3651 3626 4224 4364
Label 0.0011 -709 2798 -47 3475
Label 0.0011 2733 714 3321 1743
Label 0.0011 2904 3252 3586 4401
Label 0.0011 4282 5365 4803 5664
Label 0.0011 4103 2914 4686 3748
Label 0.0011 1273 -359 4090 737
Label 0.0011 2718 1096 3339 2239
Label 0.0011 3649 -33 4273 311
Label 0.0010 267 3968 1057 4872
Label 0.0010 514 3137 1231 3999
Label 0.0010 3827 486 4582 1405
Label 0.0010 3349 784 4041 1605
Label 0.0010 582 3830 4054 6667
Label 0.0010 3689 3181 4221 3932
Label 0.0010 3368 2064 4060 2902
Label 0.0010 -1073 2876 -257 3923
Label 0.0010 2365 3678 4830 6782
Barcode 0.7773 2937 360 3660 653
Barcode 0.0079 -1474 -247 202 2411
Barcode 0.0075 -1252 2713 635 5532
Barcode 0.0071 -1116 113 -41 1212
Barcode 0.0071 -1058 43 -65 442
Barcode 0.0070 -1193 376 576 3567
Barcode 0.0069 -921 266 200 1931
Barcode 0.0068 3652 29 4679 511
Barcode 0.0068 3607 160 4689 1203
Barcode 0.0067 -895 3448 230 4818
Barcode 0.0066 -997 822 348 2326
Barcode 0.0060 -918 3173 282 4252
Barcode 0.0055 3467 526 4785 1712
Barcode 0.0052 -1462 3089 50 4376
Barcode 0.0051 -1404 3758 0 5384
Barcode 0.0048 2677 879 3787 2230
Barcode 0.0048 -1044 1503 334 3336
Barcode 0.0047 1974 815 3608 2270
Barcode 0.0046 -1024 2556 329 3979
Barcode 0.0046 3188 4600 3645 4738
Barcode 0.0044 2674 2998 3749 4399
Barcode 0.0044 2412 445 4020 2617
Barcode 0.0041 3847 3346 4966 5076
Barcode 0.0041 -1445 1304 86 2724
Barcode 0.0039 3363 -578 4982 1146
Barcode 0.0039 -898 1002 1154 2936
Barcode 0.0037 3278 2369 4957 3353
Barcode 0.0035 3280 2805 4959 3787
Barcode 0.0035 2816 3410 4366 4867
Barcode 0.0035 3107 2322 5155 5080
Barcode 0.0034 -721 -21 1013 464
Barcode 0.0033 -827 1782 945 3887
Barcode 0.0033 2759 480 3763 1809
Barcode 0.0033 -1296 -548 171 1080
Barcode 0.0033 3350 3186 4898 4279
Barcode 0.0032 53 3197 1942 5155
Barcode 0.0032 2600 1370 3866 2652
Barcode 0.0031 3291 1959 4959 2925
Barcode 0.0030 1780 1799 3673 3913
Barcode 0.0029 -866 4358 225 5606
Barcode 0.0029 2542 2090 3897 3638
Barcode 0.0028 -643 3656 842 5431
Barcode 0.0027 3574 752 5477 4172
Barcode 0.0027 3347 1103 4911 2089
Barcode 0.0026 3215 306 5061 2768
Barcode 0.0026 3741 1515 5241 2640
Barcode 0.0026 -353 376 1420 1856
Barcode 0.0025 -909 5074 260 5733
Barcode 0.0025 2762 2688 4468 3953
Barcode 0.0025 -1275 4359 -155 5662
Barcode 0.0025 -42 3310 1241 4931
Barcode 0.0024 1871 529 3671 1744
Barcode 0.0024 -719 2867 985 4570
Barcode 0.0024 -1476 1976 76 3719
Barcode 0.0023 28 2226 1970 4423
Barcode 0.0023 1975 2931 3605 4508
Barcode 0.0023 -1178 5116 -251 5786
Barcode 0.0023 1564 1144 1806 1331
Barcode 0.0022 2945 -6 4092 609
Barcode 0.0022 33 111 2834 720
Barcode 0.0022 -503 91 862 1175
Barcode 0.0020 2142 5333 2374 5504
Barcode 0.0020 -311 1656 1463 3157
Barcode 0.0019 2173 5407 2357 5531
Barcode 0.0019 3027 370 3502 577
Barcode 0.0018 451 -847 4072 1238
Barcode 0.0017 -1382 4574 -15 6183
Barcode 0.0015 2680 1808 4657 3140
Barcode 0.0014 2081 5449 2390 5548
Barcode 0.0014 -46 125 1969 1141
Barcode 0.0012 1486 1173 1871 1397
Barcode 0.0012 1596 181 3832 1021
Color Chart 0.0806 2951 324 3656 640
Color Chart 0.0116 2133 5409 2389 5512
Color Chart 0.0084 -2698 1937 1388 6227
Color Chart 0.0083 -1705 2802 361 5387
Color Chart 0.0077 -2722 -1096 1502 3298
Color Chart 0.0075 2496 2083 5803 6142
Color Chart 0.0058 1236 -222 4384 3215
Color Chart 0.0058 -1577 61 245 2918
Color Chart 0.0052 2451 -1390 5919 2819
Color Chart 0.0052 1359 1684 5174 5590
Color Chart 0.0050 -1680 -92 2999 5581
Color Chart 0.0044 -1163 280 1540 3502
Color Chart 0.0039 637 28 5966 5436
Color Chart 0.0036 -669 2525 2848 5619
Color Chart 0.0032 -1129 1090 1534 5412
Color Chart 0.0030 2322 626 4118 3280
Color Chart 0.0028 2446 2288 4792 5097
Color Chart 0.0027 -1703 825 426 4774
Color Chart 0.0025 -1895 -2196 697 2585
Color Chart 0.0022 3253 520 5062 3484
Color Chart 0.0021 1430 -926 7781 6436
Color Chart 0.0021 -50 3990 3902 6545
Color Chart 0.0021 -984 -1826 1545 2193
Color Chart 0.0020 -2244 3082 934 7634
Color Chart 0.0020 73 -878 4457 2021
Color Chart 0.0019 2931 3486 5317 7137
Color Chart 0.0018 3818 3724 4568 4698
Color Chart 0.0014 2090 5454 2439 5580
Color Chart 0.0013 -610 -1003 2757 2232
Color Chart 0.0012 3609 1024 4238 1845
Color Chart 0.0011 3615 572 4230 1426
Color Chart 0.0011 3723 1413 4233 2212
Color Chart 0.0010 3597 3583 4222 4467
Scale 0.7409 1667 1719 2047 3607
Scale 0.0291 1266 822 2321 3661
Scale 0.0146 1491 1130 2025 3372
Scale 0.0118 1663 1248 2369 3751
Scale 0.0077 -1067 -288 364 2461
Scale 0.0066 1140 1686 2520 4738
Scale 0.0065 3797 3322 4961 5676
Scale 0.0063 3399 -287 4940 1652
Scale 0.0053 -1158 3375 495 5670
Scale 0.0034 -638 644 1821 4947
Scale 0.0027 2793 -24 4401 2229
Scale 0.0024 1766 2173 1985 3365
Scale 0.0023 3723 -362 5238 2550
Scale 0.0022 2368 -1159 4803 2457
Scale 0.0021 -343 2890 1531 5281
Scale 0.0019 3601 3283 4642 4681
Scale 0.0019 1242 -794 7033 5476
Scale 0.0018 3609 737 4640 2028
Scale 0.0016 3086 765 3825 2020
Scale 0.0014 3650 1188 4558 2447
Scale 0.0013 3652 113 4626 1385
Scale 0.0013 3615 2903 4583 4195
Scale 0.0013 3511 1030 4283 2163
Scale 0.0012 3477 359 4332 1552
Scale 0.0012 2835 1212 3678 2439
Scale 0.0012 3246 960 4084 2254
Scale 0.0011 3398 1264 3968 2072
Scale 0.0011 3235 525 4098 1823
Scale 0.0011 3444 3144 4340 4381
Specimen 0.8446 1231 3142 2644 5391
Specimen 0.8195 157 650 2395 2775
Specimen 0.0437 1832 1069 2493 1525
Specimen 0.0140 1479 1611 2117 3660
Specimen 0.0127 1633 1072 2613 3809
Specimen 0.0125 599 1065 3239 5323
Specimen 0.0111 1028 911 2256 3557
Specimen 0.0105 607 1388 2445 3050
Specimen 0.0074 152 15 3527 644
Specimen 0.0071 1161 1049 2481 1835
Specimen 0.0066 413 3065 2283 5333
Specimen 0.0064 -931 0 -27 427
Specimen 0.0059 3862 3612 4860 5485
Specimen 0.0054 515 1891 2372 4676
Specimen 0.0053 970 193 3716 3751
Specimen 0.0047 -1108 1816 314 3820
Specimen 0.0046 -1285 859 634 4784
Specimen 0.0042 1376 1816 3037 4657
Specimen 0.0040 -448 -858 4233 1948
Specimen 0.0036 1631 1012 3838 4482
Specimen 0.0033 1737 674 2605 1665
Specimen 0.0033 3726 3746 4537 5212
Specimen 0.0033 -2159 -625 1540 6027
Specimen 0.0031 -88 732 2224 4768
Specimen 0.0028 -1200 3451 -100 5370
Specimen 0.0026 1400 1146 1913 1386
Specimen 0.0022 -897 1002 -15 2688
Specimen 0.0022 1981 1421 2669 3492
Specimen 0.0021 845 4288 2839 5530
Specimen 0.0021 3938 -36 4686 475
Specimen 0.0020 2863 523 3649 1843
Specimen 0.0020 4171 2434 4829 3799
Specimen 0.0020 3199 2509 3726 3374
Specimen 0.0020 -788 1373 -68 2361
Specimen 0.0019 -1256 1124 -42 3358
Specimen 0.0019 -820 3824 -56 5114
Specimen 0.0019 181 2950 1105 4587
Specimen 0.0019 -788 784 -90 2081
Specimen 0.0019 4152 1779 4836 3161
Specimen 0.0019 -849 27 -66 1093
Specimen 0.0019 1527 3108 3753 5048
Specimen 0.0019 3630 1805 4563 3131
Specimen 0.0018 3856 2009 4710 3382
Specimen 0.0018 -898 2508 -1 4187
Specimen 0.0017 785 611 1906 2489
Specimen 0.0017 3066 2313 3830 3524
Specimen 0.0017 4353 2484 4781 3332
Specimen 0.0017 -949 5017 -315 5657
Specimen 0.0017 4189 1192 4815 2457
Specimen 0.0017 4344 1408 4787 2230
Specimen 0.0017 4153 3346 4864 5062
Specimen 0.0017 -784 3388 -47 4261
Specimen 0.0017 -568 3061 105 3722
Specimen 0.0017 142 3119 678 4083
Specimen 0.0017 2853 2465 3673 3783
Specimen 0.0016 -695 1629 155 3378
Specimen 0.0016 3644 1389 4546 2683
Specimen 0.0016 2826 2058 3683 3324
Specimen 0.0016 4351 2043 4781 2906
Specimen 0.0016 3644 2255 4549 3561
Specimen 0.0016 -878 3248 -11 4749
Specimen 0.0016 -773 2948 -57 3834
Specimen 0.0015 3063 2738 3838 3952
Specimen 0.0015 1505 1071 1796 1397
Specimen 0.0015 3184 2063 3741 2970
Specimen 0.0015 585 3773 2079 5070
Specimen 0.0015 -1013 5355 -174 5660
Specimen 0.0015 -1069 4065 -240 5602
Specimen 0.0015 -794 1765 -69 2843
Specimen 0.0015 3196 924 3730 1942
Specimen 0.0015 -647 2901 120 4262
Specimen 0.0015 -569 3476 100 4163
Specimen 0.0015 -1234 2907 -101 4627
Specimen 0.0015 4186 770 4826 2032
Specimen 0.0015 -1071 3612 -297 4907
Specimen 0.0014 1277 4252 2321 5392
Specimen 0.0014 4 2890 836 4245
Specimen 0.0014 -679 3470 162 4971
Specimen 0.0014 -568 2585 95 3332
Specimen 0.0014 3067 1446 3834 2646
Specimen 0.0014 -800 349 -18 1543
Specimen 0.0014 -557 2158 80 2900
Specimen 0.0014 -573 3852 92 4637
Specimen 0.0014 2575 1405 3485 2650
Specimen 0.0014 4060 2264 4695 3117
Specimen 0.0014 3807 238 4588 1226
Specimen 0.0013 4328 982 4782 1791
Specimen 0.0013 3247 1161 4074 2486
Specimen 0.0013 -571 4157 77 5183
Specimen 0.0013 2822 1639 3679 2873
Specimen 0.0013 -554 1514 74 2232
Specimen 0.0013 303 1143 1918 3724
Specimen 0.0013 3896 2671 4699 4007
Specimen 0.0013 7 3163 469 4032
Specimen 0.0013 3689 -8 4160 666
Specimen 0.0013 -793 2153 -69 3304
Specimen 0.0013 3257 1461 3750 2200
Specimen 0.0013 1028 3302 1683 5106
Specimen 0.0013 2542 1738 3504 3179
Specimen 0.0013 3913 1884 4693 2778
Specimen 0.0013 -636 -64 132 410
Specimen 0.0012 3187 2001 4122 3384
Specimen 0.0012 4093 2692 4687 3534
Specimen 0.0012 3383 2561 3962 3377
Specimen 0.0012 3374 1486 3987 2287
Specimen 0.0012 1956 1585 3203 3787
Specimen 0.0012 2342 1564 3288 2936
Specimen 0.0012 -1083 2019 -204 3436
Specimen 0.0012 3659 -72 4220 384
Specimen 0.0011 6 904 1509 2644
Specimen 0.0011 -614 220 107 1250
Specimen 0.0011 -192 3073 608 4468
Specimen 0.0011 4296 3696 4769 4681
Specimen 0.0011 3899 3216 4718 4770
Specimen 0.0011 -1061 4436 -646 5658
Specimen 0.0011 2386 1219 3263 2432
Specimen 0.0011 -793 4413 -13 5296
Specimen 0.0011 3429 3535 4369 4856
Specimen 0.0011 1902 1046 2701 1712
Specimen 0.0011 2570 936 3502 2259
Specimen 0.0011 1284 932 2115 1532
Specimen 0.0011 -966 4624 -339 5512
Specimen 0.0011 -1063 2584 -243 3755
Specimen 0.0010 3794 -45 4506 764
Specimen 0.0010 3737 2920 4496 3882
Specimen 0.0010 3734 3331 4516 4326
Specimen 0.0010 591 -384 3292 2555
Specimen 0.0010 293 2481 1429 4208
Specimen 0.0010 3367 2980 3973 3805
Specimen 0.0010 -1087 3322 -267 4367
Specimen 0.0010 3065 332 3833 1590
Specimen 0.0010 3360 2114 3976 2966
Specimen 0.0010 -1213 378 -70 2388
Specimen 0.0010 2096 1311 3099 2781
Specimen 0.0010 -846 5078 3 5597
Specimen 0.0010 3608 2757 4219 3596
Specimen 0.0010 843 1182 1811 3143
Specimen 0.0010 -1069 1420 -235 2763
