Label 0.8576 2300 4407 3713 5575
Label 0.8180 127 4873 1292 5480
Label 0.0298 3195 4444 3636 4558
Label 0.0251 61 5 3560 358
Label 0.0174 123 5308 1321 5528
Label 0.0165 3386 2948 4925 5237
Label 0.0133 3190 4466 3685 4618
Label 0.0131 2612 4534 3449 5398
Label 0.0122 1048 134 3551 520
Label 0.0111 3622 3442 4719 4865
Label 0.0057 3355 1552 4960 4827
Label 0.0057 3339 300 4988 2730
Label 0.0056 226 49 3445 737
Label 0.0054 427 4340 3325 5634
Label 0.0047 3739 4431 4660 5504
Label 0.0042 3670 5000 4666 5630
Label 0.0042 -189 4538 1387 5987
Label 0.0041 -129 3686 4029 6072
Label 0.0041 2125 269 2905 805
Label 0.0040 93 3874 1170 5237
Label 0.0039 3134 4417 3740 4689
Label 0.0038 -999 -369 267 1779
Label 0.0037 2376 4434 3697 4861
Label 0.0035 2247 -816 5995 4638
Label 0.0033 3596 2023 4723 3675
Label 0.0031 2827 4427 4012 5531
Label 0.0031 2925 4202 3970 5058
Label 0.0031 3861 4103 4935 5752
Label 0.0031 2090 194 3049 502
Label 0.0030 -658 5044 1078 5709
Label 0.0030 3470 4716 4787 5851
Label 0.0029 -78 3470 1288 4896
Label 0.0029 397 -78 2599 546
Label 0.0028 -1097 4052 454 5822
Label 0.0028 207 5066 1217 5719
Label 0.0027 102 4981 2680 5746
Label 0.0027 138 37 2091 343
Label 0.0027 -960 -646 1385 1058
Label 0.0026 2797 3236 3609 4182
Label 0.0025 3727 3776 4558 5169
Label 0.0024 2975 4427 3625 4775
Label 0.0024 -632 4566 974 5594
Label 0.0023 4343 1409 4776 2239
Label 0.0023 4355 1864 4771 2662
Label 0.0023 120 5444 1332 5613
Label 0.0023 2613 2609 3736 4579
Label 0.0023 2940 2377 3697 4065
Label 0.0023 2657 3846 3643 4488
Label 0.0022 2331 -735 4925 1170
Label 0.0022 2867 4891 4146 5762
Label 0.0022 -514 1432 1950 4876
Label 0.0021 -35 2540 1228 3854
Label 0.0021 928 2559 3722 5635
Label 0.0021 151 4271 1582 5708
Label 0.0020 1862 2477 3626 4739
Label 0.0020 -10 2951 1990 4453
Label 0.0020 2210 5442 3428 5639
Label 0.0020 3875 1415 4527 2260
Label 0.0020 1866 -36 3866 325
Label 0.0020 -260 2771 2418 5344
Label 0.0020 -561 -298 1715 1565
Label 0.0020 944 5017 3616 5792
Label 0.0019 -861 3416 1190 5593
Label 0.0019 4353 2302 4769 3092
Label 0.0018 2301 5519 3473 5613
Label 0.0018 4087 1880 4670 2662
Label 0.0018 1874 45 2980 1002
Label 0.0018 4338 958 4778 1804
Label 0.0018 2546 4133 4430 5697
Label 0.0017 3846 277 4554 1187
Label 0.0016 106 4000 689 4905
Label 0.0016 -801 4088 -64 5253
Label 0.0016 -205 -69 3115 1135
Label 0.0016 512 5033 1031 5283
Label 0.0016 1067 55 1993 459
Label 0.0016 181 233 1775 1939
Label 0.0016 2086 3090 3457 4290
Label 0.0016 4052 2312 4701 3093
Label 0.0016 3962 5384 4741 5629
Label 0.0015 -882 3774 1371 6869
Label 0.0015 4357 2933 4768 3745
Label 0.0015 182 4861 1321 5126
Label 0.0015 -511 3019 69 3731
Label 0.0015 3861 2101 4562 2864
Label 0.0015 3738 1430 4195 2240
Label 0.0015 2019 3744 3519 4689
Label 0.0015 2944 3613 3528 4356
Label 0.0015 2370 4250 3501 5153
Label 0.0015 3868 969 4539 1836
Label 0.0015 3720 366 4186 1118
Label 0.0015 3139 3288 5184 6493
Label 0.0014 1246 3595 3262 5452
Label 0.0014 4244 1255 4836 2035
Label 0.0014 338 52 1459 429
Label 0.0014 2029 86 3569 617
Label 0.0014 -677 3416 -72 4190
Label 0.0014 1921 -590 4353 1992
Label 0.0014 1448 514 1998 1463
Label 0.0013 3851 2549 4572 3297
Label 0.0013 2034 0 4111 1427
Label 0.0013 3830 3562 4576 4454
Label 0.0013 1946 2100 4559 5948
Label 0.0013 -506 3629 63 4380
Label 0.0013 2651 4042 3448 4436
Label 0.0013 -974 4319 -385 5443
Label 0.0013 3742 790 4191 1564
Label 0.0013 -41 3860 607 4636
Label 0.0013 -762 4689 -106 5533
Label 0.0012 2447 3267 3833 4881
Label 0.0012 -516 2365 73 3058
Label 0.0012 -586 -56 120 341
Label 0.0012 147 222 699 880
Label 0.0012 -520 1940 63 2626
Label 0.0012 3865 2980 4556 3739
Label 0.0012 3724 2990 4202 3715
Label 0.0012 101 26 756 514
Label 0.0012 3753 5296 4583 5650
Label 0.0011 -552 4441 82 5324
Label 0.0011 3746 1902 4202 2636
Label 0.0011 -520 1489 59 2193
Label 0.0011 4336 3319 4764 4202
Label 0.0011 -528 2817 87 3486
Label 0.0011 4330 496 4793 1394
Label 0.0011 3704 -11 4200 625
Label 0.0011 3681 3623 4197 4368
Label 0.0011 1398 362 2075 1145
Label 0.0010 1587 537 2290 1398
Label 0.0010 4079 2738 4688 3525
Label 0.0010 3718 2553 4217 3291
Label 0.0010 4276 5366 4815 5665
Barcode 0.7601 2146 366 2861 642
Barcode 0.0078 -1195 2749 558 5465
Barcode 0.0075 -876 3402 200 4842
Barcode 0.0075 3574 175 4724 1240
Barcode 0.0070 -856 3049 212 4316
Barcode 0.0069 3610 6 4723 574
Barcode 0.0067 -896 67 80 440
Barcode 0.0064 3568 3168 4737 4271
Barcode 0.0058 3595 1309 4744 2733
Barcode 0.0058 3541 916 4779 2224
Barcode 0.0056 -1187 154 -6 1196
Barcode 0.0055 3495 478 4799 1782
Barcode 0.0054 -1397 3033 -14 4408
Barcode 0.0053 -1105 -259 428 2456
Barcode 0.0050 -1415 418 102 1866
Barcode 0.0050 -1235 615 563 4184
Barcode 0.0048 571 298 3160 1943
Barcode 0.0048 -1411 3801 4 5365
Barcode 0.0047 -949 838 306 2292
Barcode 0.0047 -988 1508 290 3321
Barcode 0.0047 2678 59 4564 1285
Barcode 0.0045 3256 -705 5045 1268
Barcode 0.0043 -1449 1253 67 2757
Barcode 0.0041 3586 2663 4733 3896
Barcode 0.0040 -674 -38 987 462
Barcode 0.0040 2804 3110 4466 4306
Barcode 0.0037 235 632 1077 1548
Barcode 0.0037 3894 3370 4913 5026
Barcode 0.0036 4017 1469 4888 2647
Barcode 0.0035 -857 386 1103 1852
Barcode 0.0034 3701 1419 5227 4997
Barcode 0.0034 463 2670 2331 4838
Barcode 0.0031 2769 -112 4471 525
Barcode 0.0031 2940 450 4260 1797
Barcode 0.0031 -884 4381 235 5603
Barcode 0.0030 3826 569 5089 3373
Barcode 0.0029 -766 97 1023 1214
Barcode 0.0029 -1361 -634 221 1156
Barcode 0.0029 941 -939 3795 2054
Barcode 0.0029 -923 5090 272 5730
Barcode 0.0029 3087 754 3943 2336
Barcode 0.0028 -254 3034 1349 4459
Barcode 0.0027 -523 3279 859 4986
Barcode 0.0027 507 605 1341 1573
Barcode 0.0026 -1264 4396 -150 5658
Barcode 0.0026 -849 1599 1007 4067
Barcode 0.0025 -1176 5130 -247 5785
Barcode 0.0025 2320 349 3116 695
Barcode 0.0024 75 109 1867 1130
Barcode 0.0024 3743 -427 5194 2614
Barcode 0.0022 -734 946 1054 3088
Barcode 0.0016 1377 2907 3169 4558
Barcode 0.0013 1569 3291 1870 3460
Barcode 0.0012 2188 387 2673 573
Barcode 0.0010 2217 5429 2463 5551
Color Chart 0.0078 -2666 1909 1343 6241
Color Chart 0.0076 -1714 2853 375 5320
Color Chart 0.0068 -2805 -1182 1572 3351
Color Chart 0.0067 -1516 -267 235 2438
Color Chart 0.0061 2644 2046 5652 6132
Color Chart 0.0060 -144 -509 4005 2602
Color Chart 0.0057 3291 -197 4996 2339
Color Chart 0.0056 1746 -1430 5602 2698
Color Chart 0.0048 -1640 627 313 4108
Color Chart 0.0044 2345 -418 4918 1733
Color Chart 0.0043 2193 5440 2492 5535
Color Chart 0.0042 2602 2348 4704 4931
Color Chart 0.0040 -454 1676 3413 5613
Color Chart 0.0033 204 56 2762 1996
Color Chart 0.0032 -987 -180 1297 2285
Color Chart 0.0032 -1798 -506 2205 5905
Color Chart 0.0031 -936 -1159 2253 3245
Color Chart 0.0029 -878 2724 1228 5529
Color Chart 0.0026 -1201 1042 1478 5326
Color Chart 0.0025 2181 83 6923 6217
Color Chart 0.0024 -3 3767 3807 6796
Color Chart 0.0023 1445 1653 4137 5613
Color Chart 0.0022 -2008 -2250 817 2613
Color Chart 0.0022 2370 -2680 6827 3080
Color Chart 0.0021 -1878 3229 1464 7452
Color Chart 0.0018 3121 3226 5988 7462
Color Chart 0.0011 2164 5461 2541 5578
Scale 0.8057 1564 3243 1928 5141
Scale 0.0126 1370 3326 2084 5111
Scale 0.0073 3352 -441 4979 1804
Scale 0.0046 3783 3336 4999 5649
Scale 0.0028 197 2092 2712 5193
Scale 0.0027 1457 3303 2799 5101
Scale 0.0026 -1017 115 1328 2829
Scale 0.0024 1664 3566 1883 4756
Scale 0.0021 -450 2337 1615 4949
Scale 0.0021 1081 2571 2523 4966
Scale 0.0017 731 3377 2207 5307
Scale 0.0014 3651 -79 4612 1145
Scale 0.0012 3418 1972 3886 3055
Specimen 0.8545 186 670 2087 3881
Specimen 0.7040 1878 157 3682 4358
Specimen 0.0570 2715 489 3689 4530
Specimen 0.0528 161 353 3848 4100
Specimen 0.0317 331 1136 1588 3280
Specimen 0.0268 2026 350 3546 2003
Specimen 0.0234 2313 402 3605 3232
Specimen 0.0208 1914 863 3304 3558
Specimen 0.0093 2599 1066 3453 3341
Specimen 0.0082 1261 322 3626 2946
Specimen 0.0069 1730 1590 3040 3317
Specimen 0.0058 -1311 665 621 4995
Specimen 0.0057 1384 770 3267 5286
Specimen 0.0055 381 -54 3358 2144
Specimen 0.0053 -1006 1646 221 3978
Specimen 0.0051 -244 -976 4042 2074
Specimen 0.0047 -2090 -895 1466 6279
Specimen 0.0047 464 743 1437 2479
Specimen 0.0047 2809 2154 3563 4183
Specimen 0.0046 -124 1237 3034 5058
Specimen 0.0046 874 1633 2219 3271
Specimen 0.0043 1037 1957 1968 2996
Specimen 0.0043 -935 -8 -33 427
Specimen 0.0042 3048 1286 3722 3700
Specimen 0.0042 3883 3676 4878 5454
Specimen 0.0037 824 358 2618 3689
Specimen 0.0036 688 1864 2944 4454
Specimen 0.0033 380 843 1035 2135
Specimen 0.0033 2395 -297 4362 5036
Specimen 0.0031 19 1733 1407 3747
Specimen 0.0031 464 629 2424 2540
Specimen 0.0031 3973 1697 4884 3239
Specimen 0.0031 3317 562 5009 4250
Specimen 0.0030 3500 1410 4789 3518
Specimen 0.0023 3893 2002 4719 3821
Specimen 0.0023 -891 3561 4 5294
Specimen 0.0023 4197 1326 4825 2773
Specimen 0.0023 3978 2039 4682 2995
Specimen 0.0023 1245 1823 2162 3843
Specimen 0.0022 3679 1500 4545 3032
Specimen 0.0022 -1296 2204 -26 4439
Specimen 0.0022 -1290 1311 -28 3600
Specimen 0.0022 3976 -58 4683 484
Specimen 0.0021 3136 1084 4166 3437
Specimen 0.0020 2681 117 4408 2861
Specimen 0.0020 2193 2099 3454 4172
Specimen 0.0019 2714 1560 3059 2618
Specimen 0.0019 -1240 3057 -75 4907
Specimen 0.0019 -869 512 1320 4152
Specimen 0.0019 -889 971 -10 2707
Specimen 0.0019 160 2435 1841 3867
Specimen 0.0019 3791 1428 4497 2348
Specimen 0.0019 3796 1858 4492 2773
Specimen 0.0019 -853 391 -8 1972
Specimen 0.0018 3612 3381 4661 5019
Specimen 0.0018 969 3082 2915 5543
Specimen 0.0018 3966 2439 4679 3455
Specimen 0.0018 4258 1924 4822 2668
Specimen 0.0018 2852 622 3612 3054
Specimen 0.0018 3987 1666 4694 2519
Specimen 0.0018 4204 713 4819 2082
Specimen 0.0017 -672 2607 143 4127
Specimen 0.0017 4172 2355 4854 3901
Specimen 0.0017 3792 2172 4492 3306
Specimen 0.0017 -958 5033 -302 5661
Specimen 0.0017 -1006 5366 -169 5650
Specimen 0.0016 -764 1332 -74 2404
Specimen 0.0016 -567 3041 78 3751
Specimen 0.0016 -720 3950 -60 4921
Specimen 0.0016 -711 1903 165 3521
Specimen 0.0016 2322 1006 3474 1940
Specimen 0.0016 4246 2310 4822 3137
Specimen 0.0016 4250 1486 4824 2243
Specimen 0.0016 -789 3527 -52 4545
Specimen 0.0015 -672 -31 151 1129
Specimen 0.0015 3633 75 4603 1397
Specimen 0.0015 -604 -267 2000 3297
Specimen 0.0015 3973 933 4655 2307
Specimen 0.0015 -784 2894 -71 3893
Specimen 0.0014 3771 975 4508 1940
Specimen 0.0014 -553 3463 73 4181
Specimen 0.0014 -1068 4100 -246 5577
Specimen 0.0014 -660 3299 129 4725
Specimen 0.0014 2740 3674 3401 4343
Specimen 0.0014 -564 296 23 1302
Specimen 0.0014 -767 1788 -81 2814
Specimen 0.0014 2071 -26 3095 1237
Specimen 0.0014 3652 2596 4576 4086
Specimen 0.0014 570 1992 1947 3396
Specimen 0.0014 2905 3552 3565 4433
Specimen 0.0014 -1049 3874 -205 4995
Specimen 0.0014 3640 1457 4206 2290
Specimen 0.0014 -562 2392 69 3091
Specimen 0.0013 4150 3336 4858 5074
Specimen 0.0013 -1076 2237 -237 3643
Specimen 0.0013 -572 3859 80 4637
Specimen 0.0013 3756 528 4519 1520
Specimen 0.0013 -773 2211 -80 3248
Specimen 0.0013 3456 2075 4346 3726
Specimen 0.0013 309 722 1153 2995
Specimen 0.0013 -538 1493 47 2253
Specimen 0.0013 3645 621 4200 1390
Specimen 0.0013 -738 928 -47 1868
Specimen 0.0013 -788 4441 -17 5277
Specimen 0.0012 -550 1945 62 2671
Specimen 0.0012 2756 1846 3209 2990
Specimen 0.0012 4240 2753 4830 3563
Specimen 0.0012 3754 3317 4519 4350
Specimen 0.0012 3798 -54 4510 781
Specimen 0.0012 1761 647 2674 2976
Specimen 0.0012 -1073 1671 -255 2940
Specimen 0.0012 2258 282 3893 1177
Specimen 0.0012 3944 2908 4708 3880
Specimen 0.0012 3649 1886 4211 2708
Specimen 0.0012 -6 3753 487 4738
Specimen 0.0012 -1077 3434 -260 4662
Specimen 0.0011 3637 1036 4206 1847
Specimen 0.0011 -1085 2818 -259 3982
Specimen 0.0011 -555 731 45 1715
Specimen 0.0011 -648 4211 173 5506
Specimen 0.0011 3677 -18 4186 694
Specimen 0.0011 4182 267 4837 1662
Specimen 0.0011 1304 372 2132 1542
Specimen 0.0011 -616 -83 106 411
Specimen 0.0011 -1064 4444 -648 5663
Specimen 0.0011 2590 1481 3204 2343
Specimen 0.0011 -196 3782 648 5054
Specimen 0.0011 -1068 1232 -256 2523
Specimen 0.0010 3613 2992 4217 3776
Specimen 0.0010 -862 5098 19 5592
Specimen 0.0010 3643 146 4202 998
Specimen 0.0010 1839 205 3005 1720
Specimen 0.0010 4316 3498 4771 4456
Specimen 0.0010 3610 3591 4205 4455
Specimen 0.0010 -299 980 754 3539
Specimen 0.0010 3524 377 4259 1551
Specimen 0.0010 3640 2483 4195 3406
Specimen 0.0010 3933 22 4720 1158
